382224 468002 762498 1.03225e+06 1.26685e+06 1.4854e+06 1.67163e+06 1.82122e+06 1.93e+06 1.99183e+06 2.00656e+06 1.98065e+06 1.92131e+06 1.83118e+06 1.71266e+06 1.5814e+06 1.45506e+06 1.33712e+06 1.21874e+06 1.09645e+06 979440 868106 757182 652083 559983 479015 403051 329469 260205 199442 149132 108316 75328.4 49504.2 30741.2 18115.9 801.109 468002 573281 934168 1.26483e+06 1.55242e+06 1.82027e+06 2.04853e+06 2.23197e+06 2.36545e+06 2.44137e+06 2.45956e+06 2.42796e+06 2.35535e+06 2.24502e+06 2.09988e+06 1.93905e+06 1.78418e+06 1.63961e+06 1.49456e+06 1.34468e+06 1.20124e+06 1.0648e+06 928852 799985 687018 587730 494613 404419 319488 244940 183197 133101 92609.1 60895 37836.4 22309.5 991.189 762498 934168 1.52233e+06 2.0613e+06 2.53004e+06 2.96659e+06 3.33864e+06 3.63769e+06 3.85534e+06 3.97913e+06 4.00886e+06 3.95747e+06 3.83922e+06 3.65946e+06 3.42298e+06 3.16089e+06 2.90844e+06 2.67282e+06 2.43641e+06 2.19214e+06 1.95834e+06 1.73597e+06 1.5144e+06 1.30433e+06 1.12016e+06 958303 806528 659520 521072 399525 298843 217149 151116 99388.4 61768 36428.6 1621.49 1.03225e+06 1.26483e+06 2.0613e+06 2.79122e+06 3.42602e+06 4.01717e+06 4.52104e+06 4.92612e+06 5.22096e+06 5.38868e+06 5.42903e+06 5.35955e+06 5.19952e+06 4.95619e+06 4.63603e+06 4.28113e+06 3.93925e+06 3.62014e+06 3.30003e+06 2.96925e+06 2.65261e+06 2.35147e+06 2.05143e+06 1.76691e+06 1.51744e+06 1.29821e+06 1.09266e+06 893578 706061 541406 405001 294318 204851 134755 83763.4 49409.8 2202.67 1.26685e+06 1.55242e+06 2.53004e+06 3.42602e+06 4.20528e+06 4.93092e+06 5.5494e+06 6.04666e+06 6.40865e+06 6.61462e+06 6.66422e+06 6.57899e+06 6.38261e+06 6.08399e+06 5.69105e+06 5.25544e+06 4.83577e+06 4.44407e+06 4.05115e+06 3.64512e+06 3.25643e+06 2.88679e+06 2.5185e+06 2.16923e+06 1.86296e+06 1.59384e+06 1.34153e+06 1.09715e+06 866952 664804 497330 361435 251586 165513 102893 60699 2708.03 1.4854e+06 1.82027e+06 2.96659e+06 4.01717e+06 4.93092e+06 5.78186e+06 6.50708e+06 7.09015e+06 7.51463e+06 7.75617e+06 7.81439e+06 7.7145e+06 7.48426e+06 7.13413e+06 6.67341e+06 6.16263e+06 5.67051e+06 5.21121e+06 4.7505e+06 4.2744e+06 3.81863e+06 3.38519e+06 2.95334e+06 2.54378e+06 2.18464e+06 1.86906e+06 1.5732e+06 1.28664e+06 1.01671e+06 779656 583260 423894 295072 194129 120686 71198.8 3177.5 1.67163e+06 2.04853e+06 3.33864e+06 4.52104e+06 5.5494e+06 6.50708e+06 7.32332e+06 7.97959e+06 8.45732e+06 8.72918e+06 8.79475e+06 8.6824e+06 8.42332e+06 8.02929e+06 7.5108e+06 6.93596e+06 6.3821e+06 5.86518e+06 5.34668e+06 4.81086e+06 4.2979e+06 3.8101e+06 3.32407e+06 2.86312e+06 2.45889e+06 2.10371e+06 1.77074e+06 1.44823e+06 1.14442e+06 877602 656545 477168 332168 218544 135870 80159.6 3578.64 1.82122e+06 2.23197e+06 3.63769e+06 4.92612e+06 6.04666e+06 7.09015e+06 7.97959e+06 8.69478e+06 9.21542e+06 9.51167e+06 9.5832e+06 9.46088e+06 9.17866e+06 8.74939e+06 8.18448e+06 7.55814e+06 6.95462e+06 6.39136e+06 5.8264e+06 5.24256e+06 4.68360e+06 4.15208e+06 3.6225e+06 3.12019e+06 2.67969e+06 2.29264e+06 1.92981e+06 1.57839e+06 1.24732e+06 956551 715633 520137 362105 238261 148141 87406.4 3904.86 1.93e+06 2.36545e+06 3.85534e+06 5.22096e+06 6.40865e+06 7.51463e+06 8.45732e+06 9.21542e+06 9.76738e+06 1.00815e+07 1.01573e+07 1.00278e+07 9.72873e+06 9.27383e+06 8.67518e+06 8.01135e+06 7.37165e+06 6.77464e+06 6.17587e+06 5.55708e+06 4.96462e+06 4.40127e+06 3.83997e+06 3.30755e+06 2.84061e+06 2.43034e+06 2.04578e+06 1.6733e+06 1.32239e+06 1.01415e+06 758754 551505 383970 252670 157114 92708.7 4144.69 1.99183e+06 2.44137e+06 3.97913e+06 5.38868e+06 6.61462e+06 7.75617e+06 8.72918e+06 9.51167e+06 1.00815e+07 1.04057e+07 1.04841e+07 1.03504e+07 1.00418e+07 9.57239e+06 8.95454e+06 8.2694e+06 7.60912e+06 6.9929e+06 6.37489e+06 5.7362e+06 5.12467e+06 4.54321e+06 3.96387e+06 3.4143e+06 2.9323e+06 2.50881e+06 2.11188e+06 1.72741e+06 1.36519e+06 1.04701e+06 783358 569408 396456 260902 162242 95740.4 4282.36 2.00656e+06 2.45956e+06 4.00886e+06 5.42903e+06 6.66422e+06 7.81439e+06 8.79475e+06 9.5832e+06 1.01573e+07 1.04841e+07 1.05632e+07 1.04286e+07 1.01178e+07 9.64488e+06 9.02246e+06 8.33218e+06 7.66692e+06 7.04606e+06 6.42342e+06 5.77992e+06 5.16378e+06 4.57794e+06 3.99424e+06 3.44049e+06 2.95481e+06 2.52811e+06 2.12817e+06 1.74081e+06 1.37583e+06 1.05521e+06 789519 573914 399620 263005 163564 96527.6 4320.41 1.98065e+06 2.42796e+06 3.95747e+06 5.35955e+06 6.57899e+06 7.7145e+06 8.6824e+06 9.46088e+06 1.00278e+07 1.03504e+07 1.04286e+07 1.0296e+07 9.98918e+06 9.52236e+06 8.90795e+06 8.22652e+06 7.56972e+06 6.95678e+06 6.3421e+06 5.70682e+06 5.09851e+06 4.52016e+06 3.9439e+06 3.39718e+06 2.91763e+06 2.49633e+06 2.10148e+06 1.71906e+06 1.35871e+06 1.04212e+06 779757 566850 394734 259815 161596 95375.8 4272.33 1.92131e+06 2.35535e+06 3.83922e+06 5.19952e+06 6.38261e+06 7.48426e+06 8.42332e+06 9.17866e+06 9.72873e+06 1.00418e+07 1.01178e+07 9.98918e+06 9.69167e+06 9.23885e+06 8.64283e+06 7.98173e+06 7.3445e+06 6.74983e+06 6.15352e+06 5.53719e+06 4.947e+06 4.38589e+06 3.82682e+06 3.29637e+06 2.83106e+06 2.4223e+06 2.03922e+06 1.66819e+06 1.31856e+06 1.01136e+06 756771 550167 383144 252208 156878 92599.3 4150.85 1.83118e+06 2.24502e+06 3.65946e+06 4.95619e+06 6.08399e+06 7.13413e+06 8.02929e+06 8.74939e+06 9.27383e+06 9.57239e+06 9.64488e+06 9.52236e+06 9.23885e+06 8.8073e+06 8.23923e+06 7.60906e+06 7.0016e+06 6.43473e+06 5.86632e+06 5.27882e+06 4.71621e+06 4.18134e+06 3.64842e+06 3.14273e+06 2.69913e+06 2.30944e+06 1.94427e+06 1.59058e+06 1.25727e+06 964387 721651 524662 365409 240555 149643 88335.9 3962.56 1.71266e+06 2.09988e+06 3.42298e+06 4.63603e+06 5.69105e+06 6.67341e+06 7.5108e+06 8.18448e+06 8.67518e+06 8.95454e+06 9.02246e+06 8.90795e+06 8.64283e+06 8.23923e+06 7.70792e+06 7.11847e+06 6.55019e+06 6.0199e+06 5.48821e+06 4.93864e+06 4.41233e+06 3.912e+06 3.41348e+06 2.9404e+06 2.52537e+06 2.1608e+06 1.81919e+06 1.48833e+06 1.17651e+06 902480 675358 491036 342020 225182 140095 82708.6 3713.41 1.5814e+06 1.93905e+06 3.16089e+06 4.28113e+06 5.25544e+06 6.16263e+06 6.93596e+06 7.55814e+06 8.01135e+06 8.2694e+06 8.33218e+06 8.22652e+06 7.98173e+06 7.60906e+06 7.11847e+06 6.57416e+06 6.04935e+06 5.55962e+06 5.06863e+06 4.56113e+06 4.07507e+06 3.61303e+06 3.15267e+06 2.71576e+06 2.33245e+06 1.99575e+06 1.68027e+06 1.37472e+06 1.08675e+06 833654 623873 453622 315981 208054 129450 76430 3433.72 1.45506e+06 1.78418e+06 2.90844e+06 3.93925e+06 4.83577e+06 5.67051e+06 6.3821e+06 6.95462e+06 7.37165e+06 7.60912e+06 7.66692e+06 7.56972e+06 7.3445e+06 7.0016e+06 6.55019e+06 6.04935e+06 5.56645e+06 5.11583e+06 4.66404e+06 4.19705e+06 3.74981e+06 3.32466e+06 2.90106e+06 2.49903e+06 2.14631e+06 1.83649e+06 1.5462e+06 1.26505e+06 1.00006e+06 767163 574120 417453 290793 191474 119137 70342.8 3160.9 1.33712e+06 1.63961e+06 2.67282e+06 3.62014e+06 4.44407e+06 5.21121e+06 5.86518e+06 6.39136e+06 6.77464e+06 6.9929e+06 7.04606e+06 6.95678e+06 6.74983e+06 6.43473e+06 6.0199e+06 5.55962e+06 5.11583e+06 4.7017e+06 4.28652e+06 3.85735e+06 3.44631e+06 3.0556e+06 2.6663e+06 2.29682e+06 1.97265e+06 1.68791e+06 1.42113e+06 1.16274e+06 919202 705147 527719 383724 267308 176017 109524 64669.5 2906.94 1.21874e+06 1.49456e+06 2.43641e+06 3.30003e+06 4.05115e+06 4.7505e+06 5.34668e+06 5.8264e+06 6.17587e+06 6.37489e+06 6.42342e+06 6.3421e+06 6.15352e+06 5.86632e+06 5.48821e+06 5.06863e+06 4.66404e+06 4.28652e+06 3.90805e+06 3.51682e+06 3.14209e+06 2.78592e+06 2.43103e+06 2.09418e+06 1.79861e+06 1.53902e+06 1.29581e+06 1.06025e+06 838224 643054 481270 349969 243813 160562 99917.2 59002.8 2654.33 1.09645e+06 1.34468e+06 2.19214e+06 2.96925e+06 3.64512e+06 4.2744e+06 4.81086e+06 5.24256e+06 5.55708e+06 5.7362e+06 5.77992e+06 5.70682e+06 5.53719e+06 5.27882e+06 4.93864e+06 4.56113e+06 4.19705e+06 3.85735e+06 3.51682e+06 3.1648e+06 2.82761e+06 2.50712e+06 2.18779e+06 1.88467e+06 1.61868e+06 1.38508e+06 1.16623e+06 954274 754475 578829 433222 315046 219502 144567 89972.2 53135.3 2392.3 979440 1.20124e+06 1.95834e+06 2.65261e+06 3.25643e+06 3.81863e+06 4.2979e+06 4.68360e+06 4.96462e+06 5.12467e+06 5.16378e+06 5.09851e+06 4.947e+06 4.71621e+06 4.41233e+06 4.07507e+06 3.74981e+06 3.44631e+06 3.14209e+06 2.82761e+06 2.52636e+06 2.24004e+06 1.95476e+06 1.68394e+06 1.44629e+06 1.23757e+06 1.04206e+06 852694 674185 517246 387141 281547 196173 129210 80420.4 47497.3 2139.61 868106 1.0648e+06 1.73597e+06 2.35147e+06 2.88679e+06 3.38519e+06 3.8101e+06 4.15208e+06 4.40127e+06 4.54321e+06 4.57794e+06 4.52016e+06 4.38589e+06 4.18134e+06 3.912e+06 3.61303e+06 3.32466e+06 3.0556e+06 2.78592e+06 2.50712e+06 2.24004e+06 1.98622e+06 1.73331e+06 1.49319e+06 1.28247e+06 1.09742e+06 924084 756204 597934 458769 343392 249749 174036 114644 71363.4 42153.2 1900.8 757182 928852 1.5144e+06 2.05143e+06 2.5185e+06 2.95334e+06 3.32407e+06 3.6225e+06 3.83997e+06 3.96387e+06 3.99424e+06 3.9439e+06 3.82682e+06 3.64842e+06 3.41348e+06 3.15267e+06 2.90106e+06 2.6663e+06 2.43103e+06 2.18779e+06 1.95476e+06 1.73331e+06 1.51266e+06 1.30314e+06 1.11925e+06 957771 806534 660060 521955 400503 299801 218065 151979 100131 62339.7 36829.3 1662.98 652083 799985 1.30433e+06 1.76691e+06 2.16923e+06 2.54378e+06 2.86312e+06 3.12019e+06 3.30755e+06 3.4143e+06 3.44049e+06 3.39718e+06 3.29637e+06 3.14273e+06 2.9404e+06 2.71576e+06 2.49903e+06 2.29682e+06 2.09418e+06 1.88467e+06 1.68394e+06 1.49319e+06 1.30314e+06 1.12266e+06 964242 825138 694867 568699 449732 345101 258341 187920 130980 86305 53738 31750.9 1434.9 559983 687018 1.12016e+06 1.51744e+06 1.86296e+06 2.18464e+06 2.45889e+06 2.67969e+06 2.84061e+06 2.9323e+06 2.95481e+06 2.91763e+06 2.83106e+06 2.69913e+06 2.52537e+06 2.33245e+06 2.14631e+06 1.97265e+06 1.79861e+06 1.61868e+06 1.44629e+06 1.28247e+06 1.11925e+06 964242 828182 708712 596830 488473 386297 296430 221910 161424 112517 74142.3 46166.9 27278.7 1233.22 479015 587730 958303 1.29821e+06 1.59384e+06 1.86906e+06 2.10371e+06 2.29264e+06 2.43034e+06 2.50881e+06 2.52811e+06 2.49633e+06 2.4223e+06 2.30944e+06 2.1608e+06 1.99575e+06 1.83649e+06 1.68791e+06 1.53902e+06 1.38508e+06 1.23757e+06 1.09742e+06 957771 825138 708712 606486 510761 418051 330624 253719 189945 138181 96324.4 63479.1 39531.3 23360.2 1056.97 403051 494613 806528 1.09266e+06 1.34153e+06 1.5732e+06 1.77074e+06 1.92981e+06 2.04578e+06 2.11188e+06 2.12817e+06 2.10148e+06 2.03922e+06 1.94427e+06 1.81919e+06 1.68027e+06 1.5462e+06 1.42113e+06 1.29581e+06 1.16623e+06 1.04206e+06 924084 806534 694867 596830 510761 430178 352134 278526 213762 160048 116447 81190.3 53518.3 33336.2 19703.9 893.241 329469 404419 659520 893578 1.09715e+06 1.28664e+06 1.44823e+06 1.57839e+06 1.6733e+06 1.72741e+06 1.74081e+06 1.71906e+06 1.66819e+06 1.59058e+06 1.48833e+06 1.37472e+06 1.26505e+06 1.16274e+06 1.06025e+06 954274 852694 756204 660060 568699 488473 418051 352134 288296 228071 175065 131094 95400.2 66535.4 43873.4 27338 16164.1 734.81 260205 319488 521072 706061 866952 1.01671e+06 1.14442e+06 1.24732e+06 1.32239e+06 1.36519e+06 1.37583e+06 1.35871e+06 1.31856e+06 1.25727e+06 1.17651e+06 1.08675e+06 1.00006e+06 919202 838224 754475 674185 597934 521955 449732 386297 330624 278526 228071 180462 138543 103762 75526.4 52691.4 34757.8 21666.3 12815.5 584.348 199442 244940 399525 541406 664804 779656 877602 956551 1.01415e+06 1.04701e+06 1.05521e+06 1.04212e+06 1.01136e+06 964387 902480 833654 767163 705147 643054 578829 517246 458769 400503 345101 296430 253719 213762 175065 138543 106377 79682.4 58009.8 40481.9 26712.5 16656.8 9855.62 450.56 149132 183197 298843 405001 497330 583260 656545 715633 758754 783358 789519 779757 756771 721651 675358 623873 574120 527719 481270 433222 387141 343392 299801 258341 221910 189945 160048 131094 103762 79682.4 59695.2 43467 30341.5 20027.8 12492.6 7394.11 338.905 108316 133101 217149 294318 361435 423894 477168 520137 551505 569408 573914 566850 550167 524662 491036 453622 417453 383724 349969 315046 281547 249749 218065 187920 161424 138181 116447 95400.2 75526.4 58009.8 43467 31658.3 22106.6 14598.3 9109.91 5394.23 248.08 75328.4 92609.1 151116 204851 251586 295072 332168 362105 383970 396456 399620 394734 383144 365409 342020 315981 290793 267308 243813 219502 196173 174036 151979 130980 112517 96324.4 81190.3 66535.4 52691.4 40481.9 30341.5 22106.6 15444.9 10205.6 6372.74 3775.81 174.505 49504.2 60895 99388.4 134755 165513 194129 218544 238261 252670 260902 263005 259815 252208 240555 225182 208054 191474 176017 160562 144567 129210 114644 100131 86305 74142.3 63479.1 53518.3 43873.4 34757.8 26712.5 20027.8 14598.3 10205.6 6748.73 4217.39 2500.67 116.255 30741.2 37836.4 61768 83763.4 102893 120686 135870 148141 157114 162242 163564 161596 156878 149643 140095 129450 119137 109524 99917.2 89972.2 80420.4 71363.4 62339.7 53738 46166.9 39531.3 33336.2 27338 21666.3 16656.8 12492.6 9109.91 6372.74 4217.39 2637.6 1565.16 73.1986 18115.9 22309.5 36428.6 49409.8 60699 71198.8 80159.6 87406.4 92708.7 95740.4 96527.6 95375.8 92599.3 88335.9 82708.6 76430 70342.8 64669.5 59002.8 53135.3 47497.3 42153.2 36829.3 31750.9 27278.7 23360.2 19703.9 16164.1 12815.5 9855.62 7394.11 5394.23 3775.81 2500.67 1565.16 929.485 43.7222 801.109 991.189 1621.49 2202.67 2708.03 3177.5 3578.64 3904.86 4144.69 4282.36 4320.41 4272.33 4150.85 3962.56 3713.41 3433.72 3160.9 2906.94 2654.33 2392.3 2139.61 1900.8 1662.98 1434.9 1233.22 1056.97 893.241 734.81 584.348 450.56 338.905 248.08 174.505 116.255 73.1986 43.7222 2.14746 
