0.1151 0.0773886 0.0452571 0.0283192 0.0207865 0.0164384 0.012593 0.00939147 0.0065205 0.0037072 0.00093121 -0.00146186 -0.00347177 -0.00567468 -0.00789637 -0.00920122 -0.00951275 -0.00988081 -0.0110664 -0.0124625 -0.0131947 -0.0144429 -0.0163347 -0.0175629 -0.01784 -0.0185634 -0.0207665 -0.0244161 -0.0286029 -0.0321014 -0.0350882 -0.0388607 -0.044632 -0.0518688 -0.0589081 -0.0650606 -0.0709837 0.0773886 0.0543593 0.032845 0.0206199 0.0150281 0.011909 0.00917934 0.00687797 0.00482452 0.00281264 0.000807235 -0.000940174 -0.00240387 -0.00397294 -0.00560228 -0.00660933 -0.00687555 -0.00711209 -0.00792856 -0.00896591 -0.00953697 -0.0103899 -0.0117701 -0.0127311 -0.0129707 -0.013442 -0.0149719 -0.0176051 -0.0207157 -0.0233855 -0.0256337 -0.028396 -0.0326321 -0.0381262 -0.0435619 -0.0483989 -0.053247 0.0452571 0.032845 0.0203419 0.0128064 0.00928538 0.00736655 0.00570339 0.00428761 0.00302901 0.00179607 0.000558881 -0.000528068 -0.0014375 -0.00239647 -0.0034121 -0.004063 -0.00424691 -0.00438079 -0.00486665 -0.00551865 -0.00589127 -0.0063965 -0.0072532 -0.00787939 -0.0080467 -0.00831544 -0.00923222 -0.0108552 -0.0128131 -0.0145265 -0.0159566 -0.0176797 -0.0203246 -0.0238353 -0.0273521 -0.030519 -0.0337757 0.0283192 0.0206199 0.0128064 0.00806592 0.00584496 0.00463728 0.00359212 0.00270139 0.00190984 0.00113446 0.000355999 -0.000328648 -0.000901523 -0.00150448 -0.00214418 -0.00255588 -0.00267314 -0.00275671 -0.0030612 -0.00347214 -0.0037082 -0.00402483 -0.0045641 -0.00496044 -0.00506733 -0.00523506 -0.00581013 -0.00683126 -0.00806593 -0.00914892 -0.0100522 -0.011138 -0.0128047 -0.0150222 -0.0172473 -0.0192536 -0.0213229 0.0207865 0.0150281 0.00928538 0.00584496 0.00424012 0.00336323 0.00260284 0.0019561 0.00138092 0.000817468 0.000252575 -0.000243399 -0.000658512 -0.00109692 -0.00156011 -0.00185605 -0.00193927 -0.00200106 -0.00222369 -0.00252073 -0.00269012 -0.00292188 -0.0033127 -0.00359714 -0.00367287 -0.00379667 -0.00421653 -0.00495763 -0.00584986 -0.00662945 -0.00728082 -0.00806698 -0.00927336 -0.010871 -0.0124701 -0.0139087 -0.0153851 0.0164384 0.011909 0.00736655 0.00463728 0.00336323 0.00266806 0.00206529 0.00155239 0.00109632 0.000649542 0.000201404 -0.000192168 -0.000521503 -0.000869052 -0.00123673 -0.00147195 -0.00153821 -0.00158692 -0.00176321 -0.00199913 -0.00213376 -0.00231717 -0.00262736 -0.00285358 -0.00291386 -0.00301161 -0.00334415 -0.00393203 -0.00464049 -0.00525992 -0.0057772 -0.006401 -0.00735843 -0.00862778 -0.00989873 -0.0110426 -0.0122178 0.012593 0.00917934 0.00570339 0.00359212 0.00260284 0.00206529 0.00159997 0.00120335 0.0008509 0.000505635 0.000158907 -0.000146053 -0.000401188 -0.000669638 -0.000954637 -0.00113812 -0.00119036 -0.00122743 -0.00136293 -0.00154606 -0.00165124 -0.00179209 -0.00203236 -0.00220906 -0.00225667 -0.00233118 -0.0025871 -0.00304187 -0.00359195 -0.00407453 -0.00447692 -0.00496048 -0.00570282 -0.00669098 -0.00768249 -0.0085767 -0.00949925 0.00939147 0.00687797 0.00428761 0.00270139 0.0019561 0.00155239 0.00120335 0.000905459 0.000640857 0.000381652 0.000121107 -0.000108291 -0.000300171 -0.000501623 -0.000716072 -0.000854756 -0.000894544 -0.000922044 -0.00102335 -0.00116131 -0.0012409 -0.00134614 -0.00152683 -0.00166054 -0.00169684 -0.00175219 -0.00194372 -0.0022854 -0.00269982 -0.00306426 -0.0033678 -0.00373165 -0.0042903 -0.00503618 -0.00578569 -0.00646263 -0.0071632 0.0065205 0.00482452 0.00302901 0.00190984 0.00138092 0.00109632 0.0008509 0.000640857 0.00045449 0.000271935 8.80689e-05 -7.41924e-05 -0.000209867 -0.000351644 -0.00050344 -0.000602562 -0.00063146 -0.000650335 -0.000721064 -0.000818944 -0.000875948 -0.000949314 -0.00107707 -0.00117284 -0.00119926 -0.00123737 -0.00137138 -0.00161244 -0.00190655 -0.00216652 -0.00238252 -0.00264006 -0.00303562 -0.00356711 -0.00410291 -0.00458831 -0.00509384 0.0037072 0.00281264 0.00179607 0.00113446 0.000817468 0.000649542 0.000505635 0.000381652 0.000271935 0.000164485 5.57511e-05 -4.07422e-05 -0.000121364 -0.000204685 -0.000295111 -0.000355495 -0.000373742 -0.000384165 -0.00042493 -0.000483545 -0.000518427 -0.000560562 -0.000636458 -0.000695085 -0.00071183 -0.000733046 -0.000810688 -0.00095318 -0.00112945 -0.0012871 -0.00141737 -0.00157076 -0.00180657 -0.00212809 -0.00245462 -0.00275248 -0.00306704 0.00093121 0.000807235 0.000558881 0.000355999 0.000252575 0.000201404 0.000158907 0.000121107 8.80689e-05 5.57511e-05 2.23448e-05 -8.0762e-06 -3.34301e-05 -5.83258e-05 -8.70306e-05 -0.000108097 -0.000115368 -0.000117552 -0.000128577 -0.000147595 -0.000159996 -0.000171201 -0.000194988 -0.000215818 -0.000222591 -0.000227265 -0.000248867 -0.000292559 -0.000350028 -0.000404055 -0.000447706 -0.000496431 -0.000571573 -0.000680582 -0.000794733 -0.000901691 -0.00102063 -0.00146186 -0.000940174 -0.000528068 -0.000328648 -0.000243399 -0.000192168 -0.000146053 -0.000108291 -7.41924e-05 -4.07422e-05 -8.0762e-06 1.96342e-05 4.29056e-05 6.91343e-05 9.47633e-05 0.000108729 0.000111456 0.000116302 0.000131051 0.000146966 0.000154653 0.000170232 0.000192244 0.000205166 0.000207506 0.000216972 0.000244067 0.00028703 0.000334477 0.000372561 0.000405683 0.000449144 0.000515529 0.000595115 0.000670278 0.000734133 0.000791607 -0.00347177 -0.00240387 -0.0014375 -0.000901523 -0.000658512 -0.000521503 -0.000401188 -0.000300171 -0.000209867 -0.000121364 -3.34301e-05 4.29056e-05 0.000106878 0.000175932 0.000246991 0.000290217 0.000301294 0.000312071 0.000348423 0.00039351 0.000417979 0.000456036 0.000516338 0.000557428 0.000567383 0.00058875 0.000656661 0.000772126 0.000907265 0.00102231 0.00111961 0.00124019 0.00142494 0.00166206 0.00189537 0.00210187 0.00230652 -0.00567468 -0.00397294 -0.00239647 -0.00150448 -0.00109692 -0.000869052 -0.000669638 -0.000501623 -0.000351644 -0.000204685 -5.83258e-05 6.91343e-05 0.000175932 0.000290545 0.000409305 0.000482538 0.000501827 0.000519254 0.000579005 0.000654554 0.000696124 0.000758602 0.00085922 0.000929044 0.000946441 0.000981081 0.00109299 0.00128515 0.00151178 0.0017061 0.0018699 0.00207142 0.0023803 0.00278017 0.00317556 0.00352714 0.00387904 -0.00789637 -0.00560228 -0.0034121 -0.00214418 -0.00156011 -0.00123673 -0.000954637 -0.000716072 -0.00050344 -0.000295111 -8.70306e-05 9.47633e-05 0.000246991 0.000409305 0.000578897 0.000684984 0.000713678 0.000737586 0.000821331 0.000929594 0.000989982 0.00107736 0.00122082 0.00132233 0.00134828 0.001396 0.00155327 0.00182638 0.00215121 0.00243183 0.00266747 0.00295514 0.00339636 0.00397295 0.00454581 0.00505765 0.00557527 -0.00920122 -0.00660933 -0.004063 -0.00255588 -0.00185605 -0.00147195 -0.00113812 -0.000854756 -0.000602562 -0.000355495 -0.000108097 0.000108729 0.000290217 0.000482538 0.000684984 0.000813362 0.000848967 0.000876482 0.000974711 0.00110434 0.00117766 0.00127997 0.00145095 0.00157416 0.00160647 0.00166155 0.00184651 0.00217114 0.0025603 0.00289895 0.00318238 0.00352583 0.00405283 0.00474755 0.00544103 0.00606338 0.00669882 -0.00951275 -0.00687555 -0.00424691 -0.00267314 -0.00193927 -0.00153821 -0.00119036 -0.000894544 -0.00063146 -0.000373742 -0.000115368 0.000111456 0.000301294 0.000501827 0.000713678 0.000848967 0.000886979 0.000915262 0.00101714 0.00115299 0.0012304 0.00133644 0.0015152 0.00164522 0.00167979 0.00173647 0.00192857 0.00226756 0.00267558 0.00303198 0.00332978 0.00368929 0.00424102 0.00497148 0.00570249 0.00635998 0.0070345 -0.00988081 -0.00711209 -0.00438079 -0.00275671 -0.00200106 -0.00158692 -0.00122743 -0.000922044 -0.000650335 -0.000384165 -0.000117552 0.000116302 0.000312071 0.000519254 0.000737586 0.000876482 0.000915262 0.000944785 0.00105036 0.00119022 0.00126964 0.00137961 0.00156391 0.00169726 0.00173252 0.00179158 0.0019905 0.00234034 0.00276042 0.00312663 0.00343295 0.00380354 0.00437214 0.00512298 0.00587347 0.00654763 0.00723745 -0.0110664 -0.00792856 -0.00486665 -0.0030612 -0.00222369 -0.00176321 -0.00136293 -0.00102335 -0.000721064 -0.00042493 -0.000128577 0.000131051 0.000348423 0.000579005 0.000821331 0.000974711 0.00101714 0.00105036 0.00116832 0.00132337 0.00141096 0.0015339 0.00173858 0.00188568 0.0019242 0.00199058 0.00221261 0.00260152 0.00306713 0.00347192 0.00381093 0.00422222 0.00485316 0.00568363 0.00651226 0.00725538 0.00801309 -0.0124625 -0.00896591 -0.00551865 -0.00347214 -0.00252073 -0.00199913 -0.00154606 -0.00116131 -0.000818944 -0.000483545 -0.000147595 0.000146966 0.00039351 0.000654554 0.000929594 0.00110434 0.00115299 0.00119022 0.00132337 0.00149956 0.00159942 0.00173808 0.00197031 0.00213808 0.00218226 0.00225678 0.00250759 0.0029484 0.00347741 0.00393822 0.00432373 0.00479044 0.00550657 0.00645166 0.00739573 0.00824346 0.00911014 -0.0131947 -0.00953697 -0.00589127 -0.0037082 -0.00269012 -0.00213376 -0.00165124 -0.0012409 -0.000875948 -0.000518427 -0.000159996 0.000154653 0.000417979 0.000696124 0.000989982 0.00117766 0.0012304 0.00126964 0.00141096 0.00159942 0.00170684 0.00185393 0.00210188 0.00228226 0.00233024 0.00240885 0.00267533 0.00314557 0.00371157 0.00420601 0.00461917 0.00511793 0.00588331 0.00689668 0.00791081 0.00882297 0.00975893 -0.0144429 -0.0103899 -0.0063965 -0.00402483 -0.00292188 -0.00231717 -0.00179209 -0.00134614 -0.000949314 -0.000560562 -0.000171201 0.000170232 0.000456036 0.000758602 0.00107736 0.00127997 0.00133644 0.00137961 0.0015339 0.00173808 0.00185393 0.00201464 0.00228375 0.00247826 0.00252958 0.00261595 0.0029066 0.00341748 0.00403066 0.00456497 0.00501198 0.00555302 0.00638312 0.00747875 0.0085735 0.00955666 0.0105622 -0.0163347 -0.0117701 -0.0072532 -0.0045641 -0.0033127 -0.00262736 -0.00203236 -0.00152683 -0.00107707 -0.000636458 -0.000194988 0.000192244 0.000516338 0.00085922 0.00122082 0.00145095 0.0015152 0.00156391 0.00173858 0.00197031 0.00210188 0.00228375 0.00258899 0.00281002 0.00286841 0.00296596 0.00329508 0.00387431 0.00457011 0.00517678 0.00568411 0.00629771 0.00723928 0.00848323 0.00972657 0.0108436 0.0119871 -0.0175629 -0.0127311 -0.00787939 -0.00496044 -0.00359714 -0.00285358 -0.00220906 -0.00166054 -0.00117284 -0.000695085 -0.000215818 0.000205166 0.000557428 0.000929044 0.00132233 0.00157416 0.00164522 0.00169726 0.00188568 0.00213808 0.00228226 0.00247826 0.00281002 0.00305222 0.00311689 0.00322128 0.00357674 0.00420547 0.00496348 0.00562653 0.00618018 0.00684755 0.00787185 0.00923049 0.0105912 0.0118162 0.0130754 -0.01784 -0.0129707 -0.0080467 -0.00506733 -0.00367287 -0.00291386 -0.00225667 -0.00169684 -0.00119926 -0.00071183 -0.000222591 0.000207506 0.000567383 0.000946441 0.00134828 0.00160647 0.00167979 0.00173252 0.0019242 0.00218226 0.00233024 0.00252958 0.00286841 0.00311689 0.00318369 0.00328948 0.00365136 0.00429312 0.00506835 0.00574775 0.00631462 0.00699666 0.00804352 0.00943498 0.0108303 0.0120878 0.0133834 -0.0185634 -0.013442 -0.00831544 -0.00523506 -0.00379667 -0.00301161 -0.00233118 -0.00175219 -0.00123737 -0.000733046 -0.000227265 0.000216972 0.00058875 0.000981081 0.001396 0.00166155 0.00173647 0.00179158 0.00199058 0.00225678 0.00240885 0.00261595 0.00296596 0.00322128 0.00328948 0.00339992 0.00377533 0.00443886 0.00523849 0.00593782 0.00652189 0.00722619 0.00830701 0.00973988 0.0111749 0.0124666 0.0137938 -0.0207665 -0.0149719 -0.00923222 -0.00581013 -0.00421653 -0.00334415 -0.0025871 -0.00194372 -0.00137138 -0.000810688 -0.000248867 0.000244067 0.000656661 0.00109299 0.00155327 0.00184651 0.00192857 0.0019905 0.00221261 0.00250759 0.00267533 0.0029066 0.00329508 0.00357674 0.00365136 0.00377533 0.00419392 0.00493106 0.00581701 0.00658994 0.0072362 0.00801743 0.00921616 0.0108007 0.0123852 0.0138092 0.0152679 -0.0244161 -0.0176051 -0.0108552 -0.00683126 -0.00495763 -0.00393203 -0.00304187 -0.0022854 -0.00161244 -0.00095318 -0.000292559 0.00028703 0.000772126 0.00128515 0.00182638 0.00217114 0.00226756 0.00234034 0.00260152 0.0029484 0.00314557 0.00341748 0.00387431 0.00420547 0.00429312 0.00443886 0.00493106 0.00579783 0.00683954 0.00774825 0.00850802 0.00942652 0.010836 0.012699 0.0145617 0.0162358 0.0179503 -0.0286029 -0.0207157 -0.0128131 -0.00806593 -0.00584986 -0.00464049 -0.00359195 -0.00269982 -0.00190655 -0.00112945 -0.000350028 0.000334477 0.000907265 0.00151178 0.00215121 0.0025603 0.00267558 0.00276042 0.00306713 0.00347741 0.00371157 0.00403066 0.00457011 0.00496348 0.00506835 0.00523849 0.00581701 0.00683954 0.00807168 0.00914898 0.0100487 0.0111338 0.0127991 0.0150068 0.0172173 0.0192066 0.0212502 -0.0321014 -0.0233855 -0.0145265 -0.00914892 -0.00662945 -0.00525992 -0.00407453 -0.00306426 -0.00216652 -0.0012871 -0.000404055 0.000372561 0.00102231 0.0017061 0.00243183 0.00289895 0.00303198 0.00312663 0.00347192 0.00393822 0.00420601 0.00456497 0.00517678 0.00562653 0.00574775 0.00593782 0.00658994 0.00774825 0.00914898 0.0103777 0.0114023 0.012634 0.0145246 0.0170407 0.0195652 0.0218415 0.0241894 -0.0350882 -0.0256337 -0.0159566 -0.0100522 -0.00728082 -0.0057772 -0.00447692 -0.0033678 -0.00238252 -0.00141737 -0.000447706 0.000405683 0.00111961 0.0018699 0.00266747 0.00318238 0.00332978 0.00343295 0.00381093 0.00432373 0.00461917 0.00501198 0.00568411 0.00618018 0.00631462 0.00652189 0.0072362 0.00850802 0.0100487 0.0114023 0.0125304 0.0138842 0.0159624 0.0187332 0.0215162 0.024028 0.0266241 -0.0388607 -0.028396 -0.0176797 -0.011138 -0.00806698 -0.006401 -0.00496048 -0.00373165 -0.00264006 -0.00157076 -0.000496431 0.000449144 0.00124019 0.00207142 0.00295514 0.00352583 0.00368929 0.00380354 0.00422222 0.00479044 0.00511793 0.00555302 0.00629771 0.00684755 0.00699666 0.00722619 0.00801743 0.00942652 0.0111338 0.012634 0.0138842 0.0153842 0.017687 0.0207578 0.0238424 0.0266267 0.029505 -0.044632 -0.0326321 -0.0203246 -0.0128047 -0.00927336 -0.00735843 -0.00570282 -0.0042903 -0.00303562 -0.00180657 -0.000571573 0.000515529 0.00142494 0.0023803 0.00339636 0.00405283 0.00424102 0.00437214 0.00485316 0.00550657 0.00588331 0.00638312 0.00723928 0.00787185 0.00804352 0.00830701 0.00921616 0.010836 0.0127991 0.0145246 0.0159624 0.017687 0.0203347 0.0238665 0.0274148 0.030618 0.0339306 -0.0518688 -0.0381262 -0.0238353 -0.0150222 -0.010871 -0.00862778 -0.00669098 -0.00503618 -0.00356711 -0.00212809 -0.000680582 0.000595115 0.00166206 0.00278017 0.00397295 0.00474755 0.00497148 0.00512298 0.00568363 0.00645166 0.00689668 0.00747875 0.00848323 0.00923049 0.00943498 0.00973988 0.0108007 0.012699 0.0150068 0.0170407 0.0187332 0.0207578 0.0238665 0.0280273 0.0322144 0.0360005 0.0399289 -0.0589081 -0.0435619 -0.0273521 -0.0172473 -0.0124701 -0.00989873 -0.00768249 -0.00578569 -0.00410291 -0.00245462 -0.000794733 0.000670278 0.00189537 0.00317556 0.00454581 0.00544103 0.00570249 0.00587347 0.00651226 0.00739573 0.00791081 0.0085735 0.00972657 0.0105912 0.0108303 0.0111749 0.0123852 0.0145617 0.0172173 0.0195652 0.0215162 0.0238424 0.0274148 0.0322144 0.0370544 0.041439 0.0460061 -0.0650606 -0.0483989 -0.030519 -0.0192536 -0.0139087 -0.0110426 -0.0085767 -0.00646263 -0.00458831 -0.00275248 -0.000901691 0.000734133 0.00210187 0.00352714 0.00505765 0.00606338 0.00635998 0.00654763 0.00725538 0.00824346 0.00882297 0.00955666 0.0108436 0.0118162 0.0120878 0.0124666 0.0138092 0.0162358 0.0192066 0.0218415 0.024028 0.0266267 0.030618 0.0360005 0.041439 0.0463746 0.0515349 -0.0709837 -0.053247 -0.0337757 -0.0213229 -0.0153851 -0.0122178 -0.00949925 -0.0071632 -0.00509384 -0.00306704 -0.00102063 0.000791607 0.00230652 0.00387904 0.00557527 0.00669882 0.0070345 0.00723745 0.00801309 0.00911014 0.00975893 0.0105622 0.0119871 0.0130754 0.0133834 0.0137938 0.0152679 0.0179503 0.0212502 0.0241894 0.0266241 0.029505 0.0339306 0.0399289 0.0460061 0.0515349 0.0573449 
