0.000205234 0.000104179 8.19433e-05 7.34964e-05 7.29238e-05 7.44541e-05 7.69791e-05 7.88759e-05 7.94057e-05 7.8484e-05 7.61153e-05 7.23309e-05 6.71853e-05 6.07546e-05 5.3134e-05 4.4436e-05 3.47881e-05 2.43307e-05 1.32151e-05 1.60151e-06 -1.03204e-05 -2.22729e-05 -3.42113e-05 -4.5922e-05 -5.67526e-05 -6.61382e-05 -7.41719e-05 -8.08143e-05 -8.52931e-05 -8.7738e-05 -8.84622e-05 -8.75234e-05 -8.52992e-05 -8.18019e-05 -7.73568e-05 -7.17233e-05 -0.000318065 0.000104179 5.29292e-05 4.16567e-05 3.73775e-05 3.70998e-05 3.78894e-05 3.91855e-05 4.01644e-05 4.04499e-05 3.99991e-05 3.8814e-05 3.69103e-05 3.43157e-05 3.10685e-05 2.72168e-05 2.28177e-05 1.79357e-05 1.26419e-05 7.01297e-06 1.13006e-06 -4.91148e-06 -1.09746e-05 -1.70321e-05 -2.29764e-05 -2.84853e-05 -3.32773e-05 -3.73932e-05 -4.08106e-05 -4.3141e-05 -4.44462e-05 -4.48806e-05 -4.44704e-05 -4.34042e-05 -4.16866e-05 -3.94808e-05 -3.66645e-05 -0.000166759 8.19433e-05 4.16567e-05 3.28004e-05 2.9441e-05 2.92311e-05 2.98602e-05 3.08886e-05 3.16684e-05 3.19033e-05 3.15592e-05 3.06378e-05 2.91513e-05 2.71212e-05 2.45777e-05 2.15586e-05 1.81086e-05 1.42782e-05 1.01235e-05 5.70449e-06 1.08502e-06 -3.66059e-06 -8.42717e-06 -1.31903e-05 -1.78661e-05 -2.22066e-05 -2.59941e-05 -2.92564e-05 -3.1974e-05 -3.38436e-05 -3.49109e-05 -3.52945e-05 -3.50132e-05 -3.42133e-05 -3.28975e-05 -3.1193e-05 -2.90033e-05 -0.000134354 7.34964e-05 3.73775e-05 2.9441e-05 2.64347e-05 2.62545e-05 2.68259e-05 2.77557e-05 2.84635e-05 2.86832e-05 2.83838e-05 2.7567e-05 2.62434e-05 2.44324e-05 2.2161e-05 1.94629e-05 1.6378e-05 1.29518e-05 9.2342e-06 5.27916e-06 1.1437e-06 -3.10611e-06 -7.37856e-06 -1.16488e-05 -1.5842e-05 -1.97415e-05 -2.31552e-05 -2.61038e-05 -2.85681e-05 -3.0278e-05 -3.12718e-05 -3.16531e-05 -3.14373e-05 -3.07537e-05 -2.96039e-05 -2.81012e-05 -2.61584e-05 -0.000123168 7.29238e-05 3.70998e-05 2.92311e-05 2.62545e-05 2.60844e-05 2.66589e-05 2.75893e-05 2.83005e-05 2.85278e-05 2.82408e-05 2.74406e-05 2.6138e-05 2.43519e-05 2.21091e-05 1.94428e-05 1.63927e-05 1.30037e-05 9.32521e-06 5.41063e-06 1.31644e-06 -2.8925e-06 -7.12812e-06 -1.13624e-05 -1.55219e-05 -1.93976e-05 -2.28023e-05 -2.57523e-05 -2.82264e-05 -2.99586e-05 -3.0984e-05 -3.14024e-05 -3.12273e-05 -3.05853e-05 -2.94769e-05 -2.80136e-05 -2.61084e-05 -0.000125002 7.44541e-05 3.78894e-05 2.98602e-05 2.68259e-05 2.66589e-05 2.72528e-05 2.82108e-05 2.89462e-05 2.91885e-05 2.89064e-05 2.81009e-05 2.6783e-05 2.4972e-05 2.26948e-05 1.99855e-05 1.68844e-05 1.3437e-05 9.69384e-06 5.70921e-06 1.54064e-06 -2.7465e-06 -7.06567e-06 -1.13845e-05 -1.56286e-05 -1.95917e-05 -2.30868e-05 -2.6125e-05 -2.86828e-05 -3.04904e-05 -3.15806e-05 -3.2052e-05 -3.19161e-05 -3.13004e-05 -3.02043e-05 -2.87405e-05 -2.68197e-05 -0.000130579 7.69791e-05 3.91855e-05 3.08886e-05 2.77557e-05 2.75893e-05 2.82108e-05 2.92104e-05 2.99814e-05 3.02437e-05 2.99646e-05 2.91454e-05 2.7797e-05 2.59394e-05 2.36003e-05 2.08147e-05 1.7624e-05 1.40753e-05 1.02205e-05 6.11561e-06 1.81995e-06 -2.59994e-06 -7.05857e-06 -1.1518e-05 -1.59022e-05 -2.00062e-05 -2.36414e-05 -2.68131e-05 -2.94945e-05 -3.14089e-05 -3.25864e-05 -3.31252e-05 -3.30346e-05 -3.24442e-05 -3.13522e-05 -2.98739e-05 -2.79161e-05 -0.000138386 7.88759e-05 4.01644e-05 3.16684e-05 2.84635e-05 2.83005e-05 2.89462e-05 2.99814e-05 3.07841e-05 3.10668e-05 3.0796e-05 2.99727e-05 2.86082e-05 2.67225e-05 2.43439e-05 2.15082e-05 1.82576e-05 1.464e-05 1.07085e-05 6.52026e-06 2.13579e-06 -2.3779e-06 -6.93804e-06 -1.15004e-05 -1.5988e-05 -2.02009e-05 -2.39514e-05 -2.72377e-05 -3.0029e-05 -3.20449e-05 -3.33116e-05 -3.3925e-05 -3.38917e-05 -3.33419e-05 -3.22722e-05 -3.07995e-05 -2.8827e-05 -0.000145828 7.94057e-05 4.04499e-05 3.19033e-05 2.86832e-05 2.85278e-05 2.91885e-05 3.02437e-05 3.10668e-05 3.13679e-05 3.11133e-05 3.03037e-05 2.89501e-05 2.70728e-05 2.47e-05 2.18672e-05 1.86169e-05 1.49971e-05 1.10609e-05 6.86564e-06 2.47195e-06 -2.05412e-06 -6.63496e-06 -1.12196e-05 -1.57319e-05 -1.99824e-05 -2.37887e-05 -2.71402e-05 -3.00025e-05 -3.20964e-05 -3.34429e-05 -3.41333e-05 -3.41706e-05 -3.36826e-05 -3.26642e-05 -3.12313e-05 -2.92856e-05 -0.000151595 7.8484e-05 3.99991e-05 3.15592e-05 2.83838e-05 2.82408e-05 2.89064e-05 2.99646e-05 3.0796e-05 3.11133e-05 3.08828e-05 3.01053e-05 2.87914e-05 2.69608e-05 2.46411e-05 2.18673e-05 1.86809e-05 1.51293e-05 1.12645e-05 7.14284e-06 2.8241e-06 -1.62821e-06 -6.14412e-06 -1.06657e-05 -1.51192e-05 -1.93312e-05 -2.31295e-05 -2.64933e-05 -2.93841e-05 -3.153e-05 -3.29454e-05 -3.37139e-05 -3.38345e-05 -3.34298e-05 -3.24923e-05 -3.1135e-05 -2.92591e-05 -0.000155502 7.61153e-05 3.8814e-05 3.06378e-05 2.7567e-05 2.74406e-05 2.81009e-05 2.91454e-05 2.99727e-05 3.03037e-05 3.01053e-05 2.93781e-05 2.81321e-05 2.63861e-05 2.41667e-05 2.15074e-05 1.84483e-05 1.50347e-05 1.13169e-05 7.34918e-06 3.18909e-06 -1.10376e-06 -5.46949e-06 -9.84301e-06 -1.41545e-05 -1.82522e-05 -2.19787e-05 -2.53014e-05 -2.8178e-05 -3.03493e-05 -3.18218e-05 -3.26691e-05 -3.2885e-05 -3.25841e-05 -3.17567e-05 -3.051e-05 -2.87466e-05 -0.000157507 7.23309e-05 3.69103e-05 2.91513e-05 2.62434e-05 2.6138e-05 2.6783e-05 2.7797e-05 2.86082e-05 2.89501e-05 2.87914e-05 2.81321e-05 2.69815e-05 2.53572e-05 2.3284e-05 2.07934e-05 1.79231e-05 1.47157e-05 1.12188e-05 7.48327e-06 3.56353e-06 -4.86169e-07 -4.61839e-06 -8.7607e-06 -1.28488e-05 -1.67581e-05 -2.03499e-05 -2.35789e-05 -2.63989e-05 -2.85691e-05 -3.00866e-05 -3.10124e-05 -3.13348e-05 -3.11574e-05 -3.04679e-05 -2.93657e-05 -2.77561e-05 -0.000157607 6.71853e-05 3.43157e-05 2.71212e-05 2.44324e-05 2.43519e-05 2.4972e-05 2.59394e-05 2.67225e-05 2.70728e-05 2.69608e-05 2.63861e-05 2.53572e-05 2.38898e-05 2.20067e-05 1.97367e-05 1.71143e-05 1.41786e-05 1.09731e-05 7.54493e-06 3.94389e-06 2.17603e-07 -3.60109e-06 -7.43236e-06 -1.12189e-05 -1.48682e-05 -1.82648e-05 -2.13492e-05 -2.40713e-05 -2.62141e-05 -2.77643e-05 -2.87677e-05 -2.92065e-05 -2.91708e-05 -2.86455e-05 -2.77197e-05 -2.63033e-05 -0.000155825 6.07546e-05 3.10685e-05 2.45777e-05 2.2161e-05 2.21091e-05 2.26948e-05 2.36003e-05 2.43439e-05 2.47e-05 2.46411e-05 2.41667e-05 2.3284e-05 2.20067e-05 2.0355e-05 1.83543e-05 1.60352e-05 1.34326e-05 1.05852e-05 7.53501e-06 4.32643e-06 9.99169e-07 -2.43057e-06 -5.8755e-06 -9.28672e-06 -1.26085e-05 -1.57523e-05 -1.86434e-05 -2.12282e-05 -2.33182e-05 -2.48886e-05 -2.5968e-05 -2.65319e-05 -2.66543e-05 -2.63173e-05 -2.55978e-05 -2.44112e-05 -0.000152219 5.3134e-05 2.72168e-05 2.15586e-05 1.94629e-05 1.94428e-05 1.99855e-05 2.08147e-05 2.15082e-05 2.18672e-05 2.18673e-05 2.15074e-05 2.07934e-05 1.97367e-05 1.83543e-05 1.66677e-05 1.47032e-05 1.24904e-05 1.00625e-05 7.45539e-06 4.70734e-06 1.84889e-06 -1.12215e-06 -4.11114e-06 -7.07884e-06 -1.00104e-05 -1.28476e-05 -1.55001e-05 -1.79105e-05 -1.99233e-05 -2.15016e-05 -2.26546e-05 -2.33509e-05 -2.3646e-05 -2.3519e-05 -2.30326e-05 -2.21095e-05 -0.000146867 4.4436e-05 2.28177e-05 1.81086e-05 1.6378e-05 1.63927e-05 1.68844e-05 1.7624e-05 1.82576e-05 1.86169e-05 1.86809e-05 1.84483e-05 1.79231e-05 1.71143e-05 1.60352e-05 1.47032e-05 1.31391e-05 1.13671e-05 9.414e-06 7.30884e-06 5.08269e-06 2.75603e-06 3.06703e-07 -2.16341e-06 -4.62589e-06 -7.11041e-06 -9.5921e-06 -1.19642e-05 -1.41658e-05 -1.60787e-05 -1.76528e-05 -1.88765e-05 -1.97107e-05 -2.01908e-05 -2.02927e-05 -2.00632e-05 -1.94334e-05 -0.000139875 3.47881e-05 1.79357e-05 1.42782e-05 1.29518e-05 1.30037e-05 1.3437e-05 1.40753e-05 1.464e-05 1.49971e-05 1.51293e-05 1.50347e-05 1.47157e-05 1.41786e-05 1.34326e-05 1.24904e-05 1.13671e-05 1.00807e-05 8.65071e-06 7.09896e-06 5.44853e-06 3.70893e-06 1.83674e-06 -5.91364e-08 -1.96208e-06 -3.94924e-06 -6.0318e-06 -8.08604e-06 -1.00479e-05 -1.18399e-05 -1.33981e-05 -1.46887e-05 -1.56649e-05 -1.63399e-05 -1.66866e-05 -1.67343e-05 -1.64235e-05 -0.000131368 2.43307e-05 1.26419e-05 1.01235e-05 9.2342e-06 9.32521e-06 9.69384e-06 1.02205e-05 1.07085e-05 1.10609e-05 1.12645e-05 1.13169e-05 1.12188e-05 1.09731e-05 1.05852e-05 1.00625e-05 9.414e-06 8.65071e-06 7.78489e-06 6.83009e-06 5.80091e-06 4.69515e-06 3.44716e-06 2.17256e-06 8.75353e-07 -5.7146e-07 -2.21718e-06 -3.92103e-06 -5.61588e-06 -7.26795e-06 -8.79918e-06 -1.01523e-05 -1.12726e-05 -1.215e-05 -1.27538e-05 -1.30951e-05 -1.31247e-05 -0.00012149 1.32151e-05 7.01297e-06 5.70449e-06 5.27916e-06 5.41063e-06 5.70921e-06 6.11561e-06 6.52026e-06 6.86564e-06 7.14284e-06 7.34918e-06 7.48327e-06 7.54493e-06 7.53501e-06 7.45539e-06 7.30884e-06 7.09896e-06 6.83009e-06 6.50721e-06 6.1359e-06 5.70167e-06 5.11594e-06 4.5007e-06 3.84668e-06 2.97536e-06 1.79771e-06 4.71624e-07 -9.32977e-07 -2.42838e-06 -3.92217e-06 -5.33281e-06 -6.59761e-06 -7.68194e-06 -8.55205e-06 -9.19931e-06 -9.58577e-06 -0.000110401 1.60151e-06 1.13006e-06 1.08502e-06 1.1437e-06 1.31644e-06 1.54064e-06 1.81995e-06 2.13579e-06 2.47195e-06 2.8241e-06 3.18909e-06 3.56353e-06 3.94389e-06 4.32643e-06 4.70734e-06 5.08269e-06 5.44853e-06 5.80091e-06 6.1359e-06 6.44965e-06 6.71503e-06 6.8201e-06 6.89284e-06 6.9102e-06 6.6412e-06 5.95605e-06 5.02951e-06 3.93404e-06 2.60959e-06 1.16296e-06 -2.99569e-07 -1.70738e-06 -3.00056e-06 -4.14227e-06 -5.10358e-06 -5.85841e-06 -9.82769e-05 -1.03204e-05 -4.91148e-06 -3.66059e-06 -3.10611e-06 -2.8925e-06 -2.7465e-06 -2.59994e-06 -2.3779e-06 -2.05412e-06 -1.62821e-06 -1.10376e-06 -4.86169e-07 2.17603e-07 9.99169e-07 1.84889e-06 2.75603e-06 3.70893e-06 4.69515e-06 5.70167e-06 6.71503e-06 7.69602e-06 8.51298e-06 9.29498e-06 1.0005e-05 1.03591e-05 1.01865e-05 9.67812e-06 8.90874e-06 7.76947e-06 6.3813e-06 4.87535e-06 3.32999e-06 1.83076e-06 4.17506e-07 -8.60188e-07 -1.98857e-06 -8.51518e-05 -2.22729e-05 -1.09746e-05 -8.42717e-06 -7.37856e-06 -7.12812e-06 -7.06567e-06 -7.05857e-06 -6.93804e-06 -6.63496e-06 -6.14412e-06 -5.46949e-06 -4.61839e-06 -3.60109e-06 -2.43057e-06 -1.12215e-06 3.06703e-07 1.83674e-06 3.44716e-06 5.11594e-06 6.8201e-06 8.51298e-06 1.00639e-05 1.15782e-05 1.30043e-05 1.40061e-05 1.43711e-05 1.43061e-05 1.38873e-05 1.29565e-05 1.16484e-05 1.01185e-05 8.45255e-06 6.76161e-06 5.08821e-06 3.50264e-06 2.00593e-06 -7.05266e-05 -3.42113e-05 -1.70321e-05 -1.31903e-05 -1.16488e-05 -1.13624e-05 -1.13845e-05 -1.1518e-05 -1.15004e-05 -1.12196e-05 -1.06657e-05 -9.84301e-06 -8.7607e-06 -7.43236e-06 -5.8755e-06 -4.11114e-06 -2.16341e-06 -5.91364e-08 2.17256e-06 4.5007e-06 6.89284e-06 9.29498e-06 1.15782e-05 1.38231e-05 1.59641e-05 1.76137e-05 1.85189e-05 1.8901e-05 1.88375e-05 1.81214e-05 1.69003e-05 1.53537e-05 1.35744e-05 1.16984e-05 9.77097e-06 7.8828e-06 6.02214e-06 -5.54433e-05 -4.5922e-05 -2.29764e-05 -1.78661e-05 -1.5842e-05 -1.55219e-05 -1.56286e-05 -1.59022e-05 -1.5988e-05 -1.57319e-05 -1.51192e-05 -1.41545e-05 -1.28488e-05 -1.12189e-05 -9.28672e-06 -7.07884e-06 -4.62589e-06 -1.96208e-06 8.75353e-07 3.84668e-06 6.9102e-06 1.0005e-05 1.30043e-05 1.59641e-05 1.88065e-05 2.10986e-05 2.25426e-05 2.33731e-05 2.36685e-05 2.31739e-05 2.20493e-05 2.0497e-05 1.86163e-05 1.65677e-05 1.43987e-05 1.222e-05 1.0007e-05 -3.99509e-05 -5.67526e-05 -2.84853e-05 -2.22066e-05 -1.97415e-05 -1.93976e-05 -1.95917e-05 -2.00062e-05 -2.02009e-05 -1.99824e-05 -1.93312e-05 -1.82522e-05 -1.67581e-05 -1.48682e-05 -1.26085e-05 -1.00104e-05 -7.11041e-06 -3.94924e-06 -5.7146e-07 2.97536e-06 6.6412e-06 1.03591e-05 1.40061e-05 1.76137e-05 2.10986e-05 2.40345e-05 2.60523e-05 2.73708e-05 2.8068e-05 2.78422e-05 2.68643e-05 2.53578e-05 2.34271e-05 2.12558e-05 1.88929e-05 1.6468e-05 1.39437e-05 -2.24469e-05 -6.61382e-05 -3.32773e-05 -2.59941e-05 -2.31552e-05 -2.28023e-05 -2.30868e-05 -2.36414e-05 -2.39514e-05 -2.37887e-05 -2.31295e-05 -2.19787e-05 -2.03499e-05 -1.82648e-05 -1.57523e-05 -1.28476e-05 -9.5921e-06 -6.0318e-06 -2.21718e-06 1.79771e-06 5.95605e-06 1.01865e-05 1.43711e-05 1.85189e-05 2.25426e-05 2.60523e-05 2.8689e-05 3.05628e-05 3.1734e-05 3.18552e-05 3.11062e-05 2.97288e-05 2.78315e-05 2.56183e-05 2.31388e-05 2.05397e-05 1.77707e-05 -2.00082e-06 -7.41719e-05 -3.73932e-05 -2.92564e-05 -2.61038e-05 -2.57523e-05 -2.6125e-05 -2.68131e-05 -2.72377e-05 -2.71402e-05 -2.64933e-05 -2.53014e-05 -2.35789e-05 -2.13492e-05 -1.86434e-05 -1.55001e-05 -1.19642e-05 -8.08604e-06 -3.92103e-06 4.71624e-07 5.02951e-06 9.67812e-06 1.43061e-05 1.8901e-05 2.33731e-05 2.73708e-05 3.05628e-05 3.30026e-05 3.46897e-05 3.52088e-05 3.47459e-05 3.35593e-05 3.17595e-05 2.95691e-05 2.70372e-05 2.43259e-05 2.13723e-05 1.98677e-05 -8.08143e-05 -4.08106e-05 -3.1974e-05 -2.85681e-05 -2.82264e-05 -2.86828e-05 -2.94945e-05 -3.0029e-05 -3.00025e-05 -2.93841e-05 -2.8178e-05 -2.63989e-05 -2.40713e-05 -2.12282e-05 -1.79105e-05 -1.41658e-05 -1.00479e-05 -5.61588e-06 -9.32977e-07 3.93404e-06 8.90874e-06 1.38873e-05 1.88375e-05 2.36685e-05 2.8068e-05 3.1734e-05 3.46897e-05 3.69122e-05 3.78661e-05 3.77354e-05 3.67914e-05 3.51459e-05 3.30371e-05 3.0513e-05 2.77492e-05 2.46704e-05 4.23873e-05 -8.52931e-05 -4.3141e-05 -3.38436e-05 -3.0278e-05 -2.99586e-05 -3.04904e-05 -3.14089e-05 -3.20449e-05 -3.20964e-05 -3.153e-05 -3.03493e-05 -2.85691e-05 -2.62141e-05 -2.33182e-05 -1.99233e-05 -1.60787e-05 -1.18399e-05 -7.26795e-06 -2.42838e-06 2.60959e-06 7.76947e-06 1.29565e-05 1.81214e-05 2.31739e-05 2.78422e-05 3.18552e-05 3.52088e-05 3.78661e-05 3.93076e-05 3.96042e-05 3.90044e-05 3.76192e-05 3.56993e-05 3.32901e-05 3.0578e-05 2.74757e-05 6.60922e-05 -8.7738e-05 -4.44462e-05 -3.49109e-05 -3.12718e-05 -3.0984e-05 -3.15806e-05 -3.25864e-05 -3.33116e-05 -3.34429e-05 -3.29454e-05 -3.18218e-05 -3.00866e-05 -2.77643e-05 -2.48886e-05 -2.15016e-05 -1.76528e-05 -1.33981e-05 -8.79918e-06 -3.92217e-06 1.16296e-06 6.3813e-06 1.16484e-05 1.69003e-05 2.20493e-05 2.68643e-05 3.11062e-05 3.47459e-05 3.77354e-05 3.96042e-05 4.03694e-05 4.01948e-05 3.91578e-05 3.75179e-05 3.53173e-05 3.27502e-05 2.97177e-05 8.98295e-05 -8.84622e-05 -4.48806e-05 -3.52945e-05 -3.16531e-05 -3.14024e-05 -3.2052e-05 -3.31252e-05 -3.3925e-05 -3.41333e-05 -3.37139e-05 -3.26691e-05 -3.10124e-05 -2.87677e-05 -2.5968e-05 -2.26546e-05 -1.88765e-05 -1.46887e-05 -1.01523e-05 -5.33281e-06 -2.99569e-07 4.87535e-06 1.01185e-05 1.53537e-05 2.0497e-05 2.53578e-05 2.97288e-05 3.35593e-05 3.67914e-05 3.90044e-05 4.01948e-05 4.04829e-05 3.985e-05 3.85524e-05 3.66277e-05 3.42755e-05 3.13864e-05 0.000112408 -8.75234e-05 -4.44704e-05 -3.50132e-05 -3.14373e-05 -3.12273e-05 -3.19161e-05 -3.30346e-05 -3.38917e-05 -3.41706e-05 -3.38345e-05 -3.2885e-05 -3.13348e-05 -2.92065e-05 -2.65319e-05 -2.33509e-05 -1.97107e-05 -1.56649e-05 -1.12726e-05 -6.59761e-06 -1.70738e-06 3.32999e-06 8.45255e-06 1.35744e-05 1.86163e-05 2.34271e-05 2.78315e-05 3.17595e-05 3.51459e-05 3.76192e-05 3.91578e-05 3.985e-05 3.96497e-05 3.87478e-05 3.71595e-05 3.50872e-05 3.24119e-05 0.000132961 -8.52992e-05 -4.34042e-05 -3.42133e-05 -3.07537e-05 -3.05853e-05 -3.13004e-05 -3.24442e-05 -3.33419e-05 -3.36826e-05 -3.34298e-05 -3.25841e-05 -3.11574e-05 -2.91708e-05 -2.66543e-05 -2.3646e-05 -2.01908e-05 -1.63399e-05 -1.215e-05 -7.68194e-06 -3.00056e-06 1.83076e-06 6.76161e-06 1.16984e-05 1.65677e-05 2.12558e-05 2.56183e-05 2.95691e-05 3.30371e-05 3.56993e-05 3.75179e-05 3.85524e-05 3.87478e-05 3.82549e-05 3.70327e-05 3.52768e-05 3.28602e-05 0.00015075 -8.18019e-05 -4.16866e-05 -3.28975e-05 -2.96039e-05 -2.94769e-05 -3.02043e-05 -3.13522e-05 -3.22722e-05 -3.26642e-05 -3.24923e-05 -3.17567e-05 -3.04679e-05 -2.86455e-05 -2.63173e-05 -2.3519e-05 -2.02927e-05 -1.66866e-05 -1.27538e-05 -8.55205e-06 -4.14227e-06 4.17506e-07 5.08821e-06 9.77097e-06 1.43987e-05 1.88929e-05 2.31388e-05 2.70372e-05 3.0513e-05 3.32901e-05 3.53173e-05 3.66277e-05 3.71595e-05 3.70327e-05 3.61953e-05 3.47911e-05 3.26779e-05 0.000165237 -7.73568e-05 -3.94808e-05 -3.1193e-05 -2.81012e-05 -2.80136e-05 -2.87405e-05 -2.98739e-05 -3.07995e-05 -3.12313e-05 -3.1135e-05 -3.051e-05 -2.93657e-05 -2.77197e-05 -2.55978e-05 -2.30326e-05 -2.00632e-05 -1.67343e-05 -1.30951e-05 -9.19931e-06 -5.10358e-06 -8.60188e-07 3.50264e-06 7.8828e-06 1.222e-05 1.6468e-05 2.05397e-05 2.43259e-05 2.77492e-05 3.0578e-05 3.27502e-05 3.42755e-05 3.50872e-05 3.52768e-05 3.47911e-05 3.37414e-05 3.19538e-05 0.000176065 -7.17233e-05 -3.66645e-05 -2.90033e-05 -2.61584e-05 -2.61084e-05 -2.68197e-05 -2.79161e-05 -2.8827e-05 -2.92856e-05 -2.92591e-05 -2.87466e-05 -2.77561e-05 -2.63033e-05 -2.44112e-05 -2.21095e-05 -1.94334e-05 -1.64235e-05 -1.31247e-05 -9.58577e-06 -5.85841e-06 -1.98857e-06 2.00593e-06 6.02214e-06 1.0007e-05 1.39437e-05 1.77707e-05 2.13723e-05 2.46704e-05 2.74757e-05 2.97177e-05 3.13864e-05 3.24119e-05 3.28602e-05 3.26779e-05 3.19538e-05 3.05232e-05 0.000182708 -0.000318065 -0.000166759 -0.000134354 -0.000123168 -0.000125002 -0.000130579 -0.000138386 -0.000145828 -0.000151595 -0.000155502 -0.000157507 -0.000157607 -0.000155825 -0.000152219 -0.000146867 -0.000139875 -0.000131368 -0.00012149 -0.000110401 -9.82769e-05 -8.51518e-05 -7.05266e-05 -5.54433e-05 -3.99509e-05 -2.24469e-05 -2.00082e-06 1.98677e-05 4.23873e-05 6.60922e-05 8.98295e-05 0.000112408 0.000132961 0.00015075 0.000165237 0.000176065 0.000182708 0.00209789 
