0.00615233 0.00346853 0.00306703 0.0027284 0.00243611 0.00217945 0.00195094 0.0017452 0.00155825 0.00138709 0.00122932 0.00108312 0.00094693 0.000819531 0.000699903 0.000587184 0.000480652 0.000379689 0.000283764 0.000192418 0.000105252 2.19144e-05 -5.79035e-05 -0.000134475 -0.000208042 -0.000278824 -0.000347014 -0.000412788 -0.000476305 -0.000537707 -0.000597125 -0.000654678 -0.000710474 -0.000764614 -0.000817189 -0.000868283 -0.0266376 0.00346853 0.00195547 0.00172911 0.0015382 0.00137342 0.00122872 0.00109989 0.0009839 0.0008785 0.000782006 0.000693059 0.000610633 0.000533855 0.000462031 0.000394588 0.00033104 0.000270979 0.000214059 0.000159979 0.000108481 5.93386e-05 1.23548e-05 -3.26446e-05 -7.58136e-05 -0.000117289 -0.000157194 -0.000195638 -0.00023272 -0.000268529 -0.000303146 -0.000336644 -0.000369091 -0.000400548 -0.000431071 -0.000460711 -0.000489516 -0.0150176 0.00306703 0.00172911 0.00152896 0.00136015 0.00121444 0.00108649 0.000972573 0.000870008 0.000776808 0.000691484 0.000612833 0.000539949 0.000472058 0.000408548 0.000348912 0.00029272 0.000239612 0.00018928 0.00014146 9.59232e-05 5.24698e-05 1.09246e-05 -2.88658e-05 -6.70377e-05 -0.000103712 -0.000138998 -0.000172992 -0.000205781 -0.000237445 -0.000268055 -0.000297675 -0.000326366 -0.000354182 -0.000381171 -0.000407381 -0.000432851 -0.0132792 0.0027284 0.0015382 0.00136015 0.00120997 0.00108035 0.000966531 0.000865192 0.000773951 0.000691042 0.000615138 0.000545171 0.000480333 0.000419939 0.000363441 0.000310389 0.000260401 0.000213156 0.000168382 0.000125842 8.53324e-05 4.66767e-05 9.71845e-06 -2.56787e-05 -5.96361e-05 -9.22614e-05 -0.000123651 -0.000153892 -0.000183061 -0.000211229 -0.000238459 -0.000264809 -0.000290333 -0.000315077 -0.000339087 -0.000362402 -0.000385061 -0.0118131 0.00243611 0.00137342 0.00121444 0.00108035 0.000964616 0.000862988 0.000772505 0.000691039 0.000617011 0.00054924 0.000486768 0.000428876 0.000374951 0.000324506 0.000277137 0.000232504 0.000190321 0.000150344 0.000112361 7.61909e-05 4.16763e-05 8.67733e-06 -2.29278e-05 -5.32474e-05 -8.23776e-05 -0.000110405 -0.000137406 -0.00016345 -0.0001886 -0.000212913 -0.000236441 -0.00025923 -0.000281323 -0.000302761 -0.000323578 -0.00034381 -0.0105476 0.00217945 0.00122872 0.00108649 0.000966531 0.000862988 0.000772067 0.000691117 0.000618234 0.000552006 0.000491374 0.000435484 0.000383691 0.000335448 0.000290317 0.000247939 0.000208009 0.00017027 0.000134504 0.000100523 6.81637e-05 3.72854e-05 7.76312e-06 -2.05122e-05 -4.76374e-05 -7.36986e-05 -9.8773e-05 -0.000122929 -0.000146229 -0.00016873 -0.000190482 -0.00021153 -0.000231918 -0.000251684 -0.000270863 -0.000289488 -0.000307587 -0.00943632 0.00195094 0.00109989 0.000972573 0.000865192 0.000772505 0.000691117 0.000618655 0.000553413 0.000494129 0.000439854 0.000389824 0.000343462 0.000300277 0.000259878 0.000221943 0.000186199 0.000152417 0.000120402 8.99832e-05 6.10169e-05 3.33761e-05 6.94917e-06 -1.83616e-05 -4.26428e-05 -6.59715e-05 -8.84168e-05 -0.00011004 -0.000130898 -0.000151039 -0.00017051 -0.000189352 -0.000207602 -0.000225296 -0.000242464 -0.000259135 -0.000275338 -0.00844694 0.0017452 0.0009839 0.000870008 0.000773951 0.000691039 0.000618234 0.000553413 0.000495052 0.000442019 0.000393468 0.000348714 0.000307242 0.000268611 0.000232472 0.000198538 0.000166563 0.000136344 0.000107704 8.04938e-05 5.45822e-05 2.98564e-05 6.21633e-06 -1.64252e-05 -3.81458e-05 -5.90143e-05 -7.90926e-05 -9.84357e-05 -0.000117094 -0.000135111 -0.000152529 -0.000169383 -0.000185709 -0.000201537 -0.000216894 -0.000231808 -0.000246301 -0.00755615 0.00155825 0.0008785 0.000776808 0.000691042 0.000617011 0.000552006 0.000494129 0.000442019 0.000394668 0.000351318 0.000311358 0.000274328 0.000239836 0.000207569 0.000177269 0.00014872 0.000121738 9.61665e-05 7.18709e-05 4.87351e-05 2.6658e-05 5.55041e-06 -1.46656e-05 -3.40594e-05 -5.26924e-05 -7.06198e-05 -8.78908e-05 -0.00010455 -0.000120637 -0.000136189 -0.000151238 -0.000165815 -0.000179947 -0.000193659 -0.000206975 -0.000219916 -0.0067467 0.00138709 0.000782006 0.000691484 0.000615138 0.00054924 0.000491374 0.000439854 0.000393468 0.000351318 0.00031273 0.000277159 0.000244196 0.000213492 0.000184769 0.000157798 0.000132385 0.000108367 8.56036e-05 6.39767e-05 4.33821e-05 2.37299e-05 4.94076e-06 -1.30548e-05 -3.03184e-05 -4.69047e-05 -6.2863e-05 -7.8237e-05 -9.30662e-05 -0.000107386 -0.00012123 -0.000134626 -0.000147602 -0.000160182 -0.000172388 -0.000184241 -0.000195761 -0.00600564 0.00122932 0.000693059 0.000612833 0.000545171 0.000486768 0.000435484 0.000389824 0.000348714 0.000311358 0.000277159 0.000245634 0.000216421 0.000189209 0.000163753 0.00013985 0.000117327 9.60406e-05 7.58669e-05 5.66998e-05 3.84477e-05 2.10308e-05 4.37878e-06 -1.15699e-05 -2.68699e-05 -4.15697e-05 -5.57128e-05 -6.93381e-05 -8.24806e-05 -9.51721e-05 -0.000107441 -0.000119314 -0.000130813 -0.000141962 -0.00015278 -0.000163285 -0.000173495 -0.00532255 0.00108312 0.000610633 0.000539949 0.000480333 0.000428876 0.000383691 0.000343462 0.000307242 0.000274328 0.000244196 0.000216421 0.000190682 0.000166706 0.000144278 0.000123217 0.000103373 8.46185e-05 6.6844e-05 4.99565e-05 3.38751e-05 1.85296e-05 3.85801e-06 -1.01939e-05 -2.36742e-05 -3.66258e-05 -4.90869e-05 -6.10917e-05 -7.26712e-05 -8.38532e-05 -9.4663e-05 -0.000105124 -0.000115256 -0.000125079 -0.00013461 -0.000143866 -0.000152861 -0.00468954 0.00094693 0.000533855 0.000472058 0.000419939 0.000374951 0.000335448 0.000300277 0.000268611 0.000239836 0.000213492 0.000189209 0.000166706 0.000145746 0.000126137 0.000107725 9.03757e-05 7.3979e-05 5.84394e-05 4.36752e-05 2.96158e-05 1.61998e-05 3.37292e-06 -8.91216e-06 -2.06975e-05 -3.20206e-05 -4.29149e-05 -5.34103e-05 -6.35339e-05 -7.33099e-05 -8.27606e-05 -9.19058e-05 -0.000100764 -0.000109352 -0.000117685 -0.000125777 -0.000133641 -0.0040999 0.000819531 0.000462031 0.000408548 0.000363441 0.000324506 0.000290317 0.000259878 0.000232472 0.000207569 0.000184769 0.000163753 0.000144278 0.000126137 0.000109167 9.32316e-05 7.82167e-05 6.4026e-05 5.0577e-05 3.77992e-05 2.56314e-05 1.40203e-05 2.91914e-06 -7.71313e-06 -1.79129e-05 -2.77126e-05 -3.71412e-05 -4.62246e-05 -5.49861e-05 -6.34469e-05 -7.16261e-05 -7.95409e-05 -8.72074e-05 -9.46398e-05 -0.000101852 -0.000108855 -0.000115661 -0.0035483 0.000699903 0.000394588 0.000348912 0.000310389 0.000277137 0.000247939 0.000221943 0.000198538 0.000177269 0.000157798 0.00013985 0.000123217 0.000107725 9.32316e-05 7.96224e-05 6.67993e-05 5.46799e-05 4.31942e-05 3.22816e-05 2.18899e-05 1.19737e-05 2.49302e-06 -6.58723e-06 -1.52981e-05 -2.36674e-05 -3.17196e-05 -3.94771e-05 -4.69597e-05 -5.41854e-05 -6.11707e-05 -6.79302e-05 -7.44775e-05 -8.0825e-05 -8.69842e-05 -9.29651e-05 -9.87777e-05 -0.00303035 0.000587184 0.00033104 0.00029272 0.000260401 0.000232504 0.000208009 0.000186199 0.000166563 0.00014872 0.000132385 0.000117327 0.000103373 9.03757e-05 7.82167e-05 6.67993e-05 5.60413e-05 4.58738e-05 3.62378e-05 2.70826e-05 1.83645e-05 1.00454e-05 2.09152e-06 -5.52636e-06 -1.28344e-05 -1.98557e-05 -2.66112e-05 -3.31193e-05 -3.93968e-05 -4.54589e-05 -5.13192e-05 -5.69901e-05 -6.2483e-05 -6.78082e-05 -7.29754e-05 -7.79932e-05 -8.28696e-05 -0.00254231 0.000480652 0.000270979 0.000239612 0.000213156 0.000190321 0.00017027 0.000152417 0.000136344 0.000121738 0.000108367 9.60406e-05 8.46185e-05 7.3979e-05 6.4026e-05 5.46799e-05 4.58738e-05 3.75509e-05 2.96632e-05 2.21691e-05 1.50327e-05 8.22284e-06 1.71206e-06 -4.52372e-06 -1.05059e-05 -1.62533e-05 -2.17832e-05 -2.71105e-05 -3.22491e-05 -3.72113e-05 -4.20084e-05 -4.66504e-05 -5.11468e-05 -5.55059e-05 -5.97356e-05 -6.38429e-05 -6.78346e-05 -0.00208106 0.000379689 0.000214059 0.00018928 0.000168382 0.000150344 0.000134504 0.000120402 0.000107704 9.61665e-05 8.56036e-05 7.58669e-05 6.6844e-05 5.84394e-05 5.0577e-05 4.31942e-05 3.62378e-05 2.96632e-05 2.34323e-05 1.75124e-05 1.1875e-05 6.4956e-06 1.35244e-06 -3.57349e-06 -8.29906e-06 -1.28393e-05 -1.72075e-05 -2.14158e-05 -2.54751e-05 -2.93949e-05 -3.31844e-05 -3.68513e-05 -4.04032e-05 -4.38466e-05 -4.71879e-05 -5.04325e-05 -5.35857e-05 -0.00164393 0.000283764 0.000159979 0.00014146 0.000125842 0.000112361 0.000100523 8.99832e-05 8.04938e-05 7.18709e-05 6.39767e-05 5.66998e-05 4.99565e-05 4.36752e-05 3.77992e-05 3.22816e-05 2.70826e-05 2.21691e-05 1.75124e-05 1.3088e-05 8.87489e-06 4.85455e-06 1.01075e-06 -2.67068e-06 -6.20238e-06 -9.59553e-06 -1.28602e-05 -1.60053e-05 -1.9039e-05 -2.19686e-05 -2.48006e-05 -2.75412e-05 -3.01957e-05 -3.27692e-05 -3.52663e-05 -3.76912e-05 -4.00478e-05 -0.0012286 0.000192418 0.000108481 9.59232e-05 8.53324e-05 7.61909e-05 6.81637e-05 6.10169e-05 5.45822e-05 4.87351e-05 4.33821e-05 3.84477e-05 3.38751e-05 2.96158e-05 2.56314e-05 2.18899e-05 1.83645e-05 1.50327e-05 1.1875e-05 8.87489e-06 6.018e-06 3.29183e-06 6.85385e-07 -1.81097e-06 -4.20578e-06 -6.50666e-06 -8.7204e-06 -1.08531e-05 -1.29102e-05 -1.48967e-05 -1.68171e-05 -1.86755e-05 -2.04755e-05 -2.22205e-05 -2.39138e-05 -2.55581e-05 -2.71561e-05 -0.000833107 0.000105252 5.93386e-05 5.24698e-05 4.66767e-05 4.16763e-05 3.72854e-05 3.33761e-05 2.98564e-05 2.6658e-05 2.37299e-05 2.10308e-05 1.85296e-05 1.61998e-05 1.40203e-05 1.19737e-05 1.00454e-05 8.22284e-06 6.4956e-06 4.85455e-06 3.29183e-06 1.80062e-06 3.74904e-07 -9.90596e-07 -2.30056e-06 -3.55913e-06 -4.77004e-06 -5.93661e-06 -7.06186e-06 -8.14848e-06 -9.19893e-06 -1.02154e-05 -1.12e-05 -1.21546e-05 -1.30808e-05 -1.39802e-05 -1.48543e-05 -0.000455708 2.19144e-05 1.23548e-05 1.09246e-05 9.71845e-06 8.67733e-06 7.76312e-06 6.94917e-06 6.21633e-06 5.55041e-06 4.94076e-06 4.37878e-06 3.85801e-06 3.37292e-06 2.91914e-06 2.49302e-06 2.09152e-06 1.71206e-06 1.35244e-06 1.01075e-06 6.85385e-07 3.74904e-07 7.80581e-08 -2.0625e-07 -4.78994e-07 -7.41039e-07 -9.93161e-07 -1.23605e-06 -1.47033e-06 -1.69658e-06 -1.91529e-06 -2.12693e-06 -2.33194e-06 -2.53068e-06 -2.72353e-06 -2.91079e-06 -3.09279e-06 -9.4882e-05 -5.79035e-05 -3.26446e-05 -2.88658e-05 -2.56787e-05 -2.29278e-05 -2.05122e-05 -1.83616e-05 -1.64252e-05 -1.46656e-05 -1.30548e-05 -1.15699e-05 -1.01939e-05 -8.91216e-06 -7.71313e-06 -6.58723e-06 -5.52636e-06 -4.52372e-06 -3.57349e-06 -2.67068e-06 -1.81097e-06 -9.90596e-07 -2.0625e-07 5.44967e-07 1.26563e-06 1.95802e-06 2.62419e-06 3.26597e-06 3.88501e-06 4.48281e-06 5.0607e-06 5.61992e-06 6.16159e-06 6.68673e-06 7.19627e-06 7.69108e-06 8.17196e-06 0.000250703 -0.000134475 -7.58136e-05 -6.70377e-05 -5.96361e-05 -5.32474e-05 -4.76374e-05 -4.26428e-05 -3.81458e-05 -3.40594e-05 -3.03184e-05 -2.68699e-05 -2.36742e-05 -2.06975e-05 -1.79129e-05 -1.52981e-05 -1.28344e-05 -1.05059e-05 -8.29906e-06 -6.20238e-06 -4.20578e-06 -2.30056e-06 -4.78994e-07 1.26563e-06 2.93929e-06 4.54729e-06 6.09441e-06 7.58487e-06 9.02253e-06 1.04108e-05 1.17529e-05 1.30517e-05 1.43096e-05 1.55292e-05 1.67126e-05 1.78617e-05 1.89785e-05 0.000582232 -0.000208042 -0.000117289 -0.000103712 -9.22614e-05 -8.23776e-05 -7.36986e-05 -6.59715e-05 -5.90143e-05 -5.26924e-05 -4.69047e-05 -4.15697e-05 -3.66258e-05 -3.20206e-05 -2.77126e-05 -2.36674e-05 -1.98557e-05 -1.62533e-05 -1.28393e-05 -9.59553e-06 -6.50666e-06 -3.55913e-06 -7.41039e-07 1.95802e-06 4.54729e-06 7.035e-06 9.4285e-06 1.17344e-05 1.39585e-05 1.61063e-05 1.81827e-05 2.01919e-05 2.21381e-05 2.40248e-05 2.58556e-05 2.76334e-05 2.93612e-05 0.000900756 -0.000278824 -0.000157194 -0.000138998 -0.000123651 -0.000110405 -9.8773e-05 -8.84168e-05 -7.90926e-05 -7.06198e-05 -6.2863e-05 -5.57128e-05 -4.90869e-05 -4.29149e-05 -3.71412e-05 -3.17196e-05 -2.66112e-05 -2.17832e-05 -1.72075e-05 -1.28602e-05 -8.7204e-06 -4.77004e-06 -9.93161e-07 2.62419e-06 6.09441e-06 9.4285e-06 1.26363e-05 1.57267e-05 1.87076e-05 2.15862e-05 2.43689e-05 2.70617e-05 2.967e-05 3.21987e-05 3.46524e-05 3.70351e-05 3.93506e-05 0.00120722 -0.000347014 -0.000195638 -0.000172992 -0.000153892 -0.000137406 -0.000122929 -0.00011004 -9.84357e-05 -8.78908e-05 -7.8237e-05 -6.93381e-05 -6.10917e-05 -5.34103e-05 -4.62246e-05 -3.94771e-05 -3.31193e-05 -2.71105e-05 -2.14158e-05 -1.60053e-05 -1.08531e-05 -5.93661e-06 -1.23605e-06 3.26597e-06 7.58487e-06 1.17344e-05 1.57267e-05 1.95729e-05 2.32828e-05 2.68653e-05 3.03287e-05 3.368e-05 3.69262e-05 4.00734e-05 4.31271e-05 4.60925e-05 4.89743e-05 0.00150246 -0.000412788 -0.00023272 -0.000205781 -0.000183061 -0.00016345 -0.000146229 -0.000130898 -0.000117094 -0.00010455 -9.30662e-05 -8.24806e-05 -7.26712e-05 -6.35339e-05 -5.49861e-05 -4.69597e-05 -3.93968e-05 -3.22491e-05 -2.54751e-05 -1.9039e-05 -1.29102e-05 -7.06186e-06 -1.47033e-06 3.88501e-06 9.02253e-06 1.39585e-05 1.87076e-05 2.32828e-05 2.76959e-05 3.19575e-05 3.60772e-05 4.00638e-05 4.39253e-05 4.7669e-05 5.13015e-05 5.4829e-05 5.82571e-05 0.00178724 -0.000476305 -0.000268529 -0.000237445 -0.000211229 -0.0001886 -0.00016873 -0.000151039 -0.000135111 -0.000120637 -0.000107386 -9.51721e-05 -8.38532e-05 -7.33099e-05 -6.34469e-05 -5.41854e-05 -4.54589e-05 -3.72113e-05 -2.93949e-05 -2.19686e-05 -1.48967e-05 -8.14848e-06 -1.69658e-06 4.48281e-06 1.04108e-05 1.61063e-05 2.15862e-05 2.68653e-05 3.19575e-05 3.68748e-05 4.16285e-05 4.62285e-05 5.06842e-05 5.50039e-05 5.91953e-05 6.32656e-05 6.72212e-05 0.00206224 -0.000537707 -0.000303146 -0.000268055 -0.000238459 -0.000212913 -0.000190482 -0.00017051 -0.000152529 -0.000136189 -0.00012123 -0.000107441 -9.4663e-05 -8.27606e-05 -7.16261e-05 -6.11707e-05 -5.13192e-05 -4.20084e-05 -3.31844e-05 -2.48006e-05 -1.68171e-05 -9.19893e-06 -1.91529e-06 5.0607e-06 1.17529e-05 1.81827e-05 2.43689e-05 3.03287e-05 3.60772e-05 4.16285e-05 4.6995e-05 5.2188e-05 5.72181e-05 6.20946e-05 6.68264e-05 7.14214e-05 7.58869e-05 0.0023281 -0.000597125 -0.000336644 -0.000297675 -0.000264809 -0.000236441 -0.00021153 -0.000189352 -0.000169383 -0.000151238 -0.000134626 -0.000119314 -0.000105124 -9.19058e-05 -7.95409e-05 -6.79302e-05 -5.69901e-05 -4.66504e-05 -3.68513e-05 -2.75412e-05 -1.86755e-05 -1.02154e-05 -2.12693e-06 5.61992e-06 1.30517e-05 2.01919e-05 2.70617e-05 3.368e-05 4.00638e-05 4.62285e-05 5.2188e-05 5.79549e-05 6.35408e-05 6.89562e-05 7.42109e-05 7.93136e-05 8.42726e-05 0.00258536 -0.000654678 -0.000369091 -0.000326366 -0.000290333 -0.00025923 -0.000231918 -0.000207602 -0.000185709 -0.000165815 -0.000147602 -0.000130813 -0.000115256 -0.000100764 -8.72074e-05 -7.44775e-05 -6.2483e-05 -5.11468e-05 -4.04032e-05 -3.01957e-05 -2.04755e-05 -1.12e-05 -2.33194e-06 6.16159e-06 1.43096e-05 2.21381e-05 2.967e-05 3.69262e-05 4.39253e-05 5.06842e-05 5.72181e-05 6.35408e-05 6.96651e-05 7.56025e-05 8.13636e-05 8.69581e-05 9.23951e-05 0.00283454 -0.000710474 -0.000400548 -0.000354182 -0.000315077 -0.000281323 -0.000251684 -0.000225296 -0.000201537 -0.000179947 -0.000160182 -0.000141962 -0.000125079 -0.000109352 -9.46398e-05 -8.0825e-05 -6.78082e-05 -5.55059e-05 -4.38466e-05 -3.27692e-05 -2.22205e-05 -1.21546e-05 -2.53068e-06 6.68673e-06 1.55292e-05 2.40248e-05 3.21987e-05 4.00734e-05 4.7669e-05 5.50039e-05 6.20946e-05 6.89562e-05 7.56025e-05 8.20459e-05 8.8298e-05 9.43693e-05 0.00010027 0.00307612 -0.000764614 -0.000431071 -0.000381171 -0.000339087 -0.000302761 -0.000270863 -0.000242464 -0.000216894 -0.000193659 -0.000172388 -0.00015278 -0.00013461 -0.000117685 -0.000101852 -8.69842e-05 -7.29754e-05 -5.97356e-05 -4.71879e-05 -3.52663e-05 -2.39138e-05 -1.30808e-05 -2.72353e-06 7.19627e-06 1.67126e-05 2.58556e-05 3.46524e-05 4.31271e-05 5.13015e-05 5.91953e-05 6.68264e-05 7.42109e-05 8.13636e-05 8.8298e-05 9.50266e-05 0.000101561 0.00010791 0.00331053 -0.000817189 -0.000460711 -0.000407381 -0.000362402 -0.000323578 -0.000289488 -0.000259135 -0.000231808 -0.000206975 -0.000184241 -0.000163285 -0.000143866 -0.000125777 -0.000108855 -9.29651e-05 -7.79932e-05 -6.38429e-05 -5.04325e-05 -3.76912e-05 -2.55581e-05 -1.39802e-05 -2.91079e-06 7.69108e-06 1.78617e-05 2.76334e-05 3.70351e-05 4.60925e-05 5.4829e-05 6.32656e-05 7.14214e-05 7.93136e-05 8.69581e-05 9.43693e-05 0.000101561 0.000108544 0.00011533 0.00353816 -0.000868283 -0.000489516 -0.000432851 -0.000385061 -0.00034381 -0.000307587 -0.000275338 -0.000246301 -0.000219916 -0.000195761 -0.000173495 -0.000152861 -0.000133641 -0.000115661 -9.87777e-05 -8.28696e-05 -6.78346e-05 -5.35857e-05 -4.00478e-05 -2.71561e-05 -1.48543e-05 -3.09279e-06 8.17196e-06 1.89785e-05 2.93612e-05 3.93506e-05 4.89743e-05 5.82571e-05 6.72212e-05 7.58869e-05 8.42726e-05 9.23951e-05 0.00010027 0.00010791 0.00011533 0.000122541 0.00375938 -0.0266376 -0.0150176 -0.0132792 -0.0118131 -0.0105476 -0.00943632 -0.00844694 -0.00755615 -0.0067467 -0.00600564 -0.00532255 -0.00468954 -0.0040999 -0.0035483 -0.00303035 -0.00254231 -0.00208106 -0.00164393 -0.0012286 -0.000833107 -0.000455708 -9.4882e-05 0.000250703 0.000582232 0.000900756 0.00120722 0.00150246 0.00178724 0.00206224 0.0023281 0.00258536 0.00283454 0.00307612 0.00331053 0.00353816 0.00375938 0.115332 
