0.0013819 0.000410769 0.000157785 -2.9041e-06 -9.79648e-05 -0.00015062 -0.000175025 -0.000181137 -0.000175884 -0.000164016 -0.000148733 -0.00013214 -0.000115574 -9.98443e-05 -8.53966e-05 -7.24385e-05 -6.10216e-05 -5.11011e-05 -4.25757e-05 -3.53155e-05 -2.91793e-05 -2.40261e-05 -1.9722e-05 -1.61435e-05 -1.3179e-05 -1.07348e-05 -8.72602e-06 -7.07928e-06 -5.73093e-06 -4.63165e-06 -3.73735e-06 -3.01133e-06 -2.42286e-06 -1.947e-06 -1.56288e-06 -1.25302e-06 -5.67234e-06 0.000410769 0.000126413 5.29381e-05 5.71074e-06 -2.59793e-05 -4.38628e-05 -5.25119e-05 -5.51484e-05 -5.4018e-05 -5.06651e-05 -4.61337e-05 -4.11133e-05 -3.60453e-05 -3.11989e-05 -2.6726e-05 -2.27001e-05 -1.91434e-05 -1.60462e-05 -1.33801e-05 -1.11064e-05 -9.18235e-06 -7.56491e-06 -6.21283e-06 -5.08782e-06 -4.15527e-06 -3.38591e-06 -2.75327e-06 -2.2344e-06 -1.80941e-06 -1.46278e-06 -1.18068e-06 -9.51587e-07 -7.65836e-07 -6.15583e-07 -4.94256e-07 -3.96363e-07 -1.79867e-06 0.000157785 5.29381e-05 2.64661e-05 8.87119e-06 -6.78897e-06 -1.59253e-05 -2.06643e-05 -2.25096e-05 -2.25134e-05 -2.14032e-05 -1.96742e-05 -1.76562e-05 -1.55633e-05 -1.35283e-05 -1.16291e-05 -9.90572e-06 -8.3739e-06 -7.03364e-06 -5.87544e-06 -4.88461e-06 -4.04396e-06 -3.33568e-06 -2.74247e-06 -2.24806e-06 -1.83768e-06 -1.49866e-06 -1.21956e-06 -9.90421e-07 -8.02595e-07 -6.49266e-07 -5.24382e-07 -4.22885e-07 -3.40535e-07 -2.73876e-07 -2.20014e-07 -1.7653e-07 -8.05245e-07 -2.9041e-06 5.71074e-06 8.87119e-06 1.00286e-05 4.99418e-06 1.70244e-06 -3.72629e-07 -1.60929e-06 -2.27774e-06 -2.5695e-06 -2.61899e-06 -2.51952e-06 -2.33485e-06 -2.10779e-06 -1.86631e-06 -1.62803e-06 -1.40346e-06 -1.19829e-06 -1.01498e-06 -8.53961e-07 -7.14373e-07 -5.94646e-07 -4.92848e-07 -4.06925e-07 -3.34852e-07 -2.74714e-07 -2.24766e-07 -1.83449e-07 -1.49395e-07 -1.21416e-07 -9.84938e-08 -7.97627e-08 -6.4492e-08 -5.2069e-08 -4.19822e-08 -3.38068e-08 -1.59692e-07 -9.79648e-05 -2.59793e-05 -6.78897e-06 4.99418e-06 9.23254e-06 1.13398e-05 1.20541e-05 1.18904e-05 1.12039e-05 1.02351e-05 9.14333e-06 8.03122e-06 6.96173e-06 5.97087e-06 5.07653e-06 4.28476e-06 3.59414e-06 2.99884e-06 2.4906e-06 2.06013e-06 1.69798e-06 1.39503e-06 1.14286e-06 9.33817e-07 7.61069e-07 6.18978e-07 5.02452e-07 4.07104e-07 3.29139e-07 2.6568e-07 2.14131e-07 1.7234e-07 1.38509e-07 1.11189e-07 8.91628e-08 7.14143e-08 3.20089e-07 -0.00015062 -4.38628e-05 -1.59253e-05 1.70244e-06 1.13398e-05 1.66085e-05 1.89745e-05 1.94679e-05 1.88044e-05 1.74739e-05 1.58058e-05 1.40158e-05 1.22406e-05 1.05621e-05 9.02494e-06 7.64928e-06 6.43926e-06 5.38922e-06 4.48783e-06 3.72088e-06 3.07314e-06 2.52952e-06 2.07572e-06 1.6986e-06 1.38631e-06 1.12893e-06 9.17469e-07 7.44173e-07 6.02309e-07 4.8668e-07 3.92636e-07 3.16305e-07 2.54447e-07 2.04438e-07 1.64078e-07 1.31527e-07 5.9446e-07 -0.000175025 -5.25119e-05 -2.06643e-05 -3.72629e-07 1.20541e-05 1.89745e-05 2.22226e-05 2.30891e-05 2.24723e-05 2.09888e-05 1.90544e-05 1.69429e-05 1.48286e-05 1.28171e-05 1.09671e-05 9.30628e-06 7.8419e-06 6.56871e-06 5.47406e-06 4.54149e-06 3.75303e-06 3.0907e-06 2.53738e-06 2.07723e-06 1.69598e-06 1.38158e-06 1.12315e-06 9.11272e-07 7.37769e-07 5.963e-07 4.812e-07 3.87749e-07 3.11997e-07 2.50736e-07 2.01281e-07 1.61386e-07 7.31035e-07 -0.000181137 -5.51484e-05 -2.25096e-05 -1.60929e-06 1.18904e-05 1.94679e-05 2.30891e-05 2.41384e-05 2.35803e-05 2.20776e-05 2.00778e-05 1.78761e-05 1.56612e-05 1.35477e-05 1.15999e-05 9.84864e-06 8.30277e-06 6.95752e-06 5.80007e-06 4.81342e-06 3.97881e-06 3.2774e-06 2.69123e-06 2.2036e-06 1.79947e-06 1.46612e-06 1.19206e-06 9.67311e-07 7.83244e-07 6.33137e-07 5.10989e-07 4.11802e-07 3.31389e-07 2.6635e-07 2.13837e-07 1.71471e-07 7.77517e-07 -0.000175884 -5.4018e-05 -2.25134e-05 -2.27774e-06 1.12039e-05 1.88044e-05 2.24723e-05 2.35803e-05 2.30853e-05 2.16452e-05 1.97047e-05 1.75573e-05 1.53909e-05 1.33201e-05 1.14094e-05 9.69003e-06 8.17126e-06 6.84889e-06 5.71066e-06 4.74004e-06 3.91876e-06 3.22838e-06 2.6513e-06 2.17115e-06 1.77315e-06 1.44481e-06 1.17483e-06 9.53407e-07 7.72047e-07 6.24132e-07 5.03757e-07 4.06001e-07 3.26742e-07 2.62632e-07 2.10865e-07 1.69098e-07 7.67212e-07 -0.000164016 -5.06651e-05 -2.14032e-05 -2.5695e-06 1.02351e-05 1.74739e-05 2.09888e-05 2.20776e-05 2.16452e-05 2.03142e-05 1.85053e-05 1.64968e-05 1.44669e-05 1.25243e-05 1.07305e-05 9.11528e-06 7.68795e-06 6.44477e-06 5.3744e-06 4.46144e-06 3.6888e-06 3.03921e-06 2.49614e-06 2.04423e-06 1.66961e-06 1.36053e-06 1.10636e-06 8.97887e-07 7.27126e-07 5.87845e-07 4.74491e-07 3.82431e-07 3.07787e-07 2.47406e-07 1.98648e-07 1.59307e-07 7.23069e-07 -0.000148733 -4.61337e-05 -1.96742e-05 -2.61899e-06 9.14333e-06 1.58058e-05 1.90544e-05 2.00778e-05 1.97047e-05 1.85053e-05 1.68655e-05 1.50403e-05 1.31932e-05 1.14241e-05 9.78958e-06 8.31724e-06 7.01575e-06 5.88189e-06 4.90546e-06 4.07248e-06 3.36744e-06 2.77461e-06 2.27895e-06 1.86646e-06 1.52449e-06 1.24233e-06 1.01028e-06 8.1994e-07 6.64026e-07 5.36851e-07 4.33344e-07 3.49278e-07 2.81113e-07 2.25972e-07 1.81443e-07 1.45513e-07 6.60641e-07 -0.00013214 -4.11133e-05 -1.76562e-05 -2.51952e-06 8.03122e-06 1.40158e-05 1.69429e-05 1.78761e-05 1.75573e-05 1.64968e-05 1.50403e-05 1.34162e-05 1.17709e-05 1.01942e-05 8.73677e-06 7.42359e-06 6.26251e-06 5.2508e-06 4.37943e-06 3.636e-06 3.00668e-06 2.47748e-06 2.03498e-06 1.66671e-06 1.36139e-06 1.10944e-06 9.02242e-07 7.32279e-07 5.9305e-07 4.79481e-07 3.87044e-07 3.11967e-07 2.5109e-07 2.01842e-07 1.62071e-07 1.2998e-07 5.90238e-07 -0.000115574 -3.60453e-05 -1.55633e-05 -2.33485e-06 6.96173e-06 1.22406e-05 1.48286e-05 1.56612e-05 1.53909e-05 1.44669e-05 1.31932e-05 1.17709e-05 1.0329e-05 8.94654e-06 7.66829e-06 6.51625e-06 5.49748e-06 4.60964e-06 3.84487e-06 3.19233e-06 2.63991e-06 2.17534e-06 1.78686e-06 1.46354e-06 1.19547e-06 9.74253e-07 7.92317e-07 6.43075e-07 5.20817e-07 4.21088e-07 3.39915e-07 2.73985e-07 2.20523e-07 1.77274e-07 1.42346e-07 1.14162e-07 5.18491e-07 -9.98443e-05 -3.11989e-05 -1.35283e-05 -2.10779e-06 5.97087e-06 1.05621e-05 1.28171e-05 1.35477e-05 1.33201e-05 1.25243e-05 1.14241e-05 1.01942e-05 8.94654e-06 7.74986e-06 6.64312e-06 5.64548e-06 4.76311e-06 3.99407e-06 3.33157e-06 2.76624e-06 2.28763e-06 1.88511e-06 1.5485e-06 1.26834e-06 1.03604e-06 8.44345e-07 6.8668e-07 5.57345e-07 4.51393e-07 3.64964e-07 2.94614e-07 2.37474e-07 1.91139e-07 1.53654e-07 1.23382e-07 9.89543e-08 4.49476e-07 -8.53966e-05 -2.6726e-05 -1.16291e-05 -1.86631e-06 5.07653e-06 9.02494e-06 1.09671e-05 1.15999e-05 1.14094e-05 1.07305e-05 9.78958e-06 8.73677e-06 7.66829e-06 6.64312e-06 5.69481e-06 4.83985e-06 4.08359e-06 3.42439e-06 2.85648e-06 2.37184e-06 1.96152e-06 1.61642e-06 1.32782e-06 1.0876e-06 8.8842e-07 7.2405e-07 5.88857e-07 4.77953e-07 3.87099e-07 3.12984e-07 2.52657e-07 2.03657e-07 1.63922e-07 1.31776e-07 1.05815e-07 8.48664e-08 3.85523e-07 -7.24385e-05 -2.27001e-05 -9.90572e-06 -1.62803e-06 4.28476e-06 7.64928e-06 9.30628e-06 9.84864e-06 9.69003e-06 9.11528e-06 8.31724e-06 7.42359e-06 6.51625e-06 5.64548e-06 4.83985e-06 4.11343e-06 3.47081e-06 2.91063e-06 2.42799e-06 2.0161e-06 1.66735e-06 1.37403e-06 1.12873e-06 9.24542e-07 7.55235e-07 6.15515e-07 5.00593e-07 4.06317e-07 3.29084e-07 2.66079e-07 2.14795e-07 1.7314e-07 1.3936e-07 1.12032e-07 8.99618e-08 7.2152e-08 3.27793e-07 -6.10216e-05 -1.91434e-05 -8.3739e-06 -1.40346e-06 3.59414e-06 6.43926e-06 7.8419e-06 8.30277e-06 8.17126e-06 7.68795e-06 7.01575e-06 6.26251e-06 5.49748e-06 4.76311e-06 4.08359e-06 3.47081e-06 2.92867e-06 2.45606e-06 2.04885e-06 1.70131e-06 1.40704e-06 1.15954e-06 9.52538e-07 7.80236e-07 6.37363e-07 5.19455e-07 4.22472e-07 3.42912e-07 2.77734e-07 2.24562e-07 1.81282e-07 1.46126e-07 1.17618e-07 9.45543e-08 7.59277e-08 6.08967e-08 2.76678e-07 -5.11011e-05 -1.60462e-05 -7.03364e-06 -1.19829e-06 2.99884e-06 5.38922e-06 6.56871e-06 6.95752e-06 6.84889e-06 6.44477e-06 5.88189e-06 5.2508e-06 4.60964e-06 3.99407e-06 3.42439e-06 2.91063e-06 2.45606e-06 2.05976e-06 1.71829e-06 1.42685e-06 1.18007e-06 9.72505e-07 7.98906e-07 6.54401e-07 5.34576e-07 4.35687e-07 3.54347e-07 2.87618e-07 2.32951e-07 1.88355e-07 1.52054e-07 1.22568e-07 9.86561e-08 7.93111e-08 6.36877e-08 5.10801e-08 2.32091e-07 -4.25757e-05 -1.33801e-05 -5.87544e-06 -1.01498e-06 2.4906e-06 4.48783e-06 5.47406e-06 5.80007e-06 5.71066e-06 5.3744e-06 4.90546e-06 4.37943e-06 3.84487e-06 3.33157e-06 2.85648e-06 2.42799e-06 2.04885e-06 1.71829e-06 1.43345e-06 1.19034e-06 9.84485e-07 8.11328e-07 6.66507e-07 5.45956e-07 4.45992e-07 3.63492e-07 2.95633e-07 2.39963e-07 1.94355e-07 1.57149e-07 1.26862e-07 1.02262e-07 8.23124e-08 6.61724e-08 5.31375e-08 4.26186e-08 1.93655e-07 -3.53155e-05 -1.11064e-05 -4.88461e-06 -8.53961e-07 2.06013e-06 3.72088e-06 4.54149e-06 4.81342e-06 4.74004e-06 4.46144e-06 4.07248e-06 3.636e-06 3.19233e-06 2.76624e-06 2.37184e-06 2.0161e-06 1.70131e-06 1.42685e-06 1.19034e-06 9.88478e-07 8.17539e-07 6.73753e-07 5.53495e-07 4.53387e-07 3.70375e-07 3.01866e-07 2.45513e-07 1.99282e-07 1.61407e-07 1.30509e-07 1.05357e-07 8.49274e-08 6.83598e-08 5.4956e-08 4.41307e-08 3.53949e-08 1.60839e-07 -2.91793e-05 -9.18235e-06 -4.04396e-06 -7.14373e-07 1.69798e-06 3.07314e-06 3.75303e-06 3.97881e-06 3.91876e-06 3.6888e-06 3.36744e-06 3.00668e-06 2.63991e-06 2.28763e-06 1.96152e-06 1.66735e-06 1.40704e-06 1.18007e-06 9.84485e-07 8.17539e-07 6.76168e-07 5.57251e-07 4.57791e-07 3.74996e-07 3.06339e-07 2.49676e-07 2.03067e-07 1.6483e-07 1.33503e-07 1.07947e-07 8.71443e-08 7.02463e-08 5.6543e-08 4.54564e-08 3.65025e-08 2.92769e-08 1.33043e-07 -2.40261e-05 -7.56491e-06 -3.33568e-06 -5.94646e-07 1.39503e-06 2.52952e-06 3.0907e-06 3.2774e-06 3.22838e-06 3.03921e-06 2.77461e-06 2.47748e-06 2.17534e-06 1.88511e-06 1.61642e-06 1.37403e-06 1.15954e-06 9.72505e-07 8.11328e-07 6.73753e-07 5.57251e-07 4.59252e-07 3.77285e-07 3.09053e-07 2.52471e-07 2.05773e-07 1.6736e-07 1.35847e-07 1.1003e-07 8.89673e-08 7.18224e-08 5.78957e-08 4.66019e-08 3.74646e-08 3.0085e-08 2.41298e-08 1.09657e-07 -1.9722e-05 -6.21283e-06 -2.74247e-06 -4.92848e-07 1.14286e-06 2.07572e-06 2.53738e-06 2.69123e-06 2.6513e-06 2.49614e-06 2.27895e-06 2.03498e-06 1.78686e-06 1.5485e-06 1.32782e-06 1.12873e-06 9.52538e-07 7.98906e-07 6.66507e-07 5.53495e-07 4.57791e-07 3.77285e-07 3.0995e-07 2.53897e-07 2.07414e-07 1.69051e-07 1.37494e-07 1.11605e-07 9.0395e-08 7.30916e-08 5.90062e-08 4.75649e-08 3.82864e-08 3.07797e-08 2.47169e-08 1.98244e-08 9.00938e-08 -1.61435e-05 -5.08782e-06 -2.24806e-06 -4.06925e-07 9.33817e-07 1.6986e-06 2.07723e-06 2.2036e-06 2.17115e-06 2.04423e-06 1.86646e-06 1.66671e-06 1.46354e-06 1.26834e-06 1.0876e-06 9.24542e-07 7.80236e-07 6.54401e-07 5.45956e-07 4.53387e-07 3.74996e-07 3.09053e-07 2.53897e-07 2.07981e-07 1.69906e-07 1.38482e-07 1.12632e-07 9.1425e-08 7.40507e-08 5.98763e-08 4.83379e-08 3.89654e-08 3.13646e-08 2.52151e-08 2.02485e-08 1.62405e-08 7.38099e-08 -1.3179e-05 -4.15527e-06 -1.83768e-06 -3.34852e-07 7.61069e-07 1.38631e-06 1.69598e-06 1.79947e-06 1.77315e-06 1.66961e-06 1.52449e-06 1.36139e-06 1.19547e-06 1.03604e-06 8.8842e-07 7.55235e-07 6.37363e-07 5.34576e-07 4.45992e-07 3.70375e-07 3.06339e-07 2.52471e-07 2.07414e-07 1.69906e-07 1.38805e-07 1.13135e-07 9.20185e-08 7.46941e-08 6.05003e-08 4.89204e-08 3.94938e-08 3.18366e-08 2.56267e-08 2.06025e-08 1.65446e-08 1.32699e-08 6.03144e-08 -1.07348e-05 -3.38591e-06 -1.49866e-06 -2.74714e-07 6.18978e-07 1.12893e-06 1.38158e-06 1.46612e-06 1.44481e-06 1.36053e-06 1.24233e-06 1.10944e-06 9.74253e-07 8.44345e-07 7.2405e-07 6.15515e-07 5.19455e-07 4.35687e-07 3.63492e-07 3.01866e-07 2.49676e-07 2.05773e-07 1.69051e-07 1.38482e-07 1.13135e-07 9.2214e-08 7.50039e-08 6.08838e-08 4.93151e-08 3.98766e-08 3.21931e-08 2.59517e-08 2.08899e-08 1.67945e-08 1.34868e-08 1.08175e-08 4.91715e-08 -8.72602e-06 -2.75327e-06 -1.21956e-06 -2.24766e-07 5.02452e-07 9.17469e-07 1.12315e-06 1.19206e-06 1.17483e-06 1.10636e-06 1.01028e-06 9.02242e-07 7.92317e-07 6.8668e-07 5.88857e-07 5.00593e-07 4.22472e-07 3.54347e-07 2.95633e-07 2.45513e-07 2.03067e-07 1.6736e-07 1.37494e-07 1.12632e-07 9.20185e-08 7.50039e-08 6.10067e-08 4.95224e-08 4.01131e-08 3.24362e-08 2.61867e-08 2.111e-08 1.69928e-08 1.36615e-08 1.0971e-08 8.79965e-09 4.00023e-08 -7.07928e-06 -2.2344e-06 -9.90421e-07 -1.83449e-07 4.07104e-07 7.44173e-07 9.11272e-07 9.67311e-07 9.53407e-07 8.97887e-07 8.1994e-07 7.32279e-07 6.43075e-07 5.57345e-07 4.77953e-07 4.06317e-07 3.42912e-07 2.87618e-07 2.39963e-07 1.99282e-07 1.6483e-07 1.35847e-07 1.11605e-07 9.1425e-08 7.46941e-08 6.08838e-08 4.95224e-08 4.02007e-08 3.25631e-08 2.63316e-08 2.12586e-08 1.71375e-08 1.37953e-08 1.1091e-08 8.90684e-09 7.14412e-09 3.24795e-08 -5.73093e-06 -1.80941e-06 -8.02595e-07 -1.49395e-07 3.29139e-07 6.02309e-07 7.37769e-07 7.83244e-07 7.72047e-07 7.27126e-07 6.64026e-07 5.9305e-07 5.20817e-07 4.51393e-07 3.87099e-07 3.29084e-07 2.77734e-07 2.32951e-07 1.94355e-07 1.61407e-07 1.33503e-07 1.1003e-07 9.0395e-08 7.40507e-08 6.05003e-08 4.93151e-08 4.01131e-08 3.25631e-08 2.63777e-08 2.13309e-08 1.7222e-08 1.3884e-08 1.11767e-08 8.98608e-09 7.21665e-09 5.7886e-09 2.63231e-08 -4.63165e-06 -1.46278e-06 -6.49266e-07 -1.21416e-07 2.6568e-07 4.8668e-07 5.963e-07 6.33137e-07 6.24132e-07 5.87845e-07 5.36851e-07 4.79481e-07 4.21088e-07 3.64964e-07 3.12984e-07 2.66079e-07 2.24562e-07 1.88355e-07 1.57149e-07 1.30509e-07 1.07947e-07 8.89673e-08 7.30916e-08 5.98763e-08 4.89204e-08 3.98766e-08 3.24362e-08 2.63316e-08 2.13309e-08 1.72505e-08 1.39283e-08 1.12292e-08 9.03992e-09 7.26838e-09 5.83739e-09 4.68243e-09 2.12985e-08 -3.73735e-06 -1.18068e-06 -5.24382e-07 -9.84938e-08 2.14131e-07 3.92636e-07 4.812e-07 5.10989e-07 5.03757e-07 4.74491e-07 4.33344e-07 3.87044e-07 3.39915e-07 2.94614e-07 2.52657e-07 2.14795e-07 1.81282e-07 1.52054e-07 1.26862e-07 1.05357e-07 8.71443e-08 7.18224e-08 5.90062e-08 4.83379e-08 3.94938e-08 3.21931e-08 2.61867e-08 2.12586e-08 1.7222e-08 1.39283e-08 1.12465e-08 9.06753e-09 7.30004e-09 5.86971e-09 4.71428e-09 3.78168e-09 1.72064e-08 -3.01133e-06 -9.51587e-07 -4.22885e-07 -7.97627e-08 1.7234e-07 3.16305e-07 3.87749e-07 4.11802e-07 4.06001e-07 3.82431e-07 3.49278e-07 3.11967e-07 2.73985e-07 2.37474e-07 2.03657e-07 1.7314e-07 1.46126e-07 1.22568e-07 1.02262e-07 8.49274e-08 7.02463e-08 5.78957e-08 4.75649e-08 3.89654e-08 3.18366e-08 2.59517e-08 2.111e-08 1.71375e-08 1.3884e-08 1.12292e-08 9.06753e-09 7.31113e-09 5.88631e-09 4.73321e-09 3.80167e-09 3.04974e-09 1.38807e-08 -2.42286e-06 -7.65836e-07 -3.40535e-07 -6.4492e-08 1.38509e-07 2.54447e-07 3.11997e-07 3.31389e-07 3.26742e-07 3.07787e-07 2.81113e-07 2.5109e-07 2.20523e-07 1.91139e-07 1.63922e-07 1.3936e-07 1.17618e-07 9.86561e-08 8.23124e-08 6.83598e-08 5.6543e-08 4.66019e-08 3.82864e-08 3.13646e-08 2.56267e-08 2.08899e-08 1.69928e-08 1.37953e-08 1.11767e-08 9.03992e-09 7.30004e-09 5.88631e-09 4.73945e-09 3.81124e-09 3.06132e-09 2.45595e-09 1.11826e-08 -1.947e-06 -6.15583e-07 -2.73876e-07 -5.2069e-08 1.11189e-07 2.04438e-07 2.50736e-07 2.6635e-07 2.62632e-07 2.47406e-07 2.25972e-07 2.01842e-07 1.77274e-07 1.53654e-07 1.31776e-07 1.12032e-07 9.45543e-08 7.93111e-08 6.61724e-08 5.4956e-08 4.54564e-08 3.74646e-08 3.07797e-08 2.52151e-08 2.06025e-08 1.67945e-08 1.36615e-08 1.1091e-08 8.98608e-09 7.26838e-09 5.86971e-09 4.73321e-09 3.81124e-09 3.065e-09 2.46206e-09 1.97529e-09 8.99776e-09 -1.56288e-06 -4.94256e-07 -2.20014e-07 -4.19822e-08 8.91628e-08 1.64078e-07 2.01281e-07 2.13837e-07 2.10865e-07 1.98648e-07 1.81443e-07 1.62071e-07 1.42346e-07 1.23382e-07 1.05815e-07 8.99618e-08 7.59277e-08 6.36877e-08 5.31375e-08 4.41307e-08 3.65025e-08 3.0085e-08 2.47169e-08 2.02485e-08 1.65446e-08 1.34868e-08 1.0971e-08 8.90684e-09 7.21665e-09 5.83739e-09 4.71428e-09 3.80167e-09 3.06132e-09 2.46206e-09 1.97783e-09 1.58689e-09 7.23152e-09 -1.25302e-06 -3.96363e-07 -1.7653e-07 -3.38068e-08 7.14143e-08 1.31527e-07 1.61386e-07 1.71471e-07 1.69098e-07 1.59307e-07 1.45513e-07 1.2998e-07 1.14162e-07 9.89543e-08 8.48664e-08 7.2152e-08 6.08967e-08 5.10801e-08 4.26186e-08 3.53949e-08 2.92769e-08 2.41298e-08 1.98244e-08 1.62405e-08 1.32699e-08 1.08175e-08 8.79965e-09 7.14412e-09 5.7886e-09 4.68243e-09 3.78168e-09 3.04974e-09 2.45595e-09 1.97529e-09 1.58689e-09 1.2733e-09 5.80533e-09 -5.67234e-06 -1.79867e-06 -8.05245e-07 -1.59692e-07 3.20089e-07 5.9446e-07 7.31035e-07 7.77517e-07 7.67212e-07 7.23069e-07 6.60641e-07 5.90238e-07 5.18491e-07 4.49476e-07 3.85523e-07 3.27793e-07 2.76678e-07 2.32091e-07 1.93655e-07 1.60839e-07 1.33043e-07 1.09657e-07 9.00938e-08 7.38099e-08 6.03144e-08 4.91715e-08 4.00023e-08 3.24795e-08 2.63231e-08 2.12985e-08 1.72064e-08 1.38807e-08 1.11826e-08 8.99776e-09 7.23152e-09 5.80533e-09 2.66458e-08 
