20.4039 6.17328 1.74079 -1.02614 -2.64896 -3.05204 -2.91272 -2.68452 -2.41385 -2.13087 -1.85442 -1.59558 -1.36018 -1.1506 -0.966979 -0.808139 -0.672135 -0.556663 -0.459316 -0.377741 -0.309736 -0.2533 -0.206649 -0.168222 -0.136668 -0.11083 -0.0897254 -0.0725234 -0.0584736 -0.0470864 -0.0378725 -0.0304282 -0.0244198 -0.0195381 -0.0156052 -0.0124482 -0.0536302 6.17328 2.22895 0.951953 0.132544 -0.369606 -0.674584 -0.82505 -0.875288 -0.862421 -0.812026 -0.741419 -0.66208 -0.581377 -0.503838 -0.432044 -0.367272 -0.309947 -0.25996 -0.216881 -0.180109 -0.148968 -0.122772 -0.100861 -0.0826253 -0.0675127 -0.0550361 -0.0447704 -0.0363479 -0.0294392 -0.0238059 -0.0192224 -0.0155003 -0.0124825 -0.0100281 -0.00804374 -0.00644387 -0.028961 1.74079 0.951953 0.674514 0.473379 0.328338 0.0619238 -0.171487 -0.304188 -0.369417 -0.390618 -0.384138 -0.361238 -0.329538 -0.294081 -0.258104 -0.22359 -0.191667 -0.162888 -0.137433 -0.115246 -0.0961315 -0.0798205 -0.0660109 -0.0543966 -0.0446841 -0.0366016 -0.0299045 -0.0243757 -0.0198201 -0.0160853 -0.0130316 -0.0105407 -0.00851298 -0.00686113 -0.00552129 -0.00443723 -0.0205332 -1.02614 0.132544 0.473379 0.656135 0.734253 0.504328 0.232283 0.0562636 -0.052978 -0.116434 -0.14906 -0.161429 -0.160933 -0.152681 -0.140145 -0.125638 -0.110656 -0.0961262 -0.0825883 -0.0703193 -0.0594239 -0.0498976 -0.0416703 -0.0346351 -0.0286685 -0.0236432 -0.0194354 -0.01593 -0.0130227 -0.0106208 -0.00864324 -0.00702006 -0.00569143 -0.00460657 -0.00372279 -0.00300428 -0.0144212 -2.64896 -0.369606 0.328338 0.734253 0.943484 0.746989 0.465018 0.271495 0.141031 0.0551528 0.000486412 -0.0326025 -0.0510046 -0.0596144 -0.0618762 -0.0601867 -0.0561909 -0.0509975 -0.0453364 -0.0396722 -0.0342861 -0.0293341 -0.0248895 -0.0209715 -0.0175654 -0.0146374 -0.0121431 -0.0100348 -0.00826807 -0.00679095 -0.00556199 -0.00454384 -0.00370367 -0.00301535 -0.00245108 -0.00198916 -0.0100119 -3.05204 -0.674584 0.0619238 0.504328 0.746989 0.670261 0.491575 0.35921 0.261402 0.189327 0.136379 0.0976154 0.0693463 0.0488218 0.0339954 0.0233481 0.0157545 0.0103833 0.00662147 0.00401903 0.00224637 0.00106323 0.000295091 -0.000184092 -0.000464822 -0.000611647 -0.000670227 -0.000672974 -0.000648137 -0.000601088 -0.00054293 -0.000480928 -0.000419918 -0.000366716 -0.000318044 -0.000273661 -0.00202254 -2.91272 -0.82505 -0.171487 0.232283 0.465018 0.491575 0.43174 0.374216 0.320932 0.272847 0.23028 0.193156 0.161158 0.133841 0.110706 0.0912421 0.0749615 0.0614103 0.0501797 0.0409075 0.033278 0.0270191 0.0218984 0.0177192 0.0143159 0.0115501 0.00930652 0.00748917 0.00601203 0.00482153 0.00386324 0.00309273 0.0024736 0.00197169 0.0015688 0.0012467 0.00517543 -2.68452 -0.875288 -0.304188 0.0562636 0.271495 0.35921 0.374216 0.364801 0.34108 0.30988 0.275696 0.241398 0.208726 0.17865 0.151632 0.127798 0.107068 0.0892386 0.0740455 0.0611974 0.0504026 0.0413829 0.0338827 0.0276721 0.0225484 0.0183352 0.0148809 0.0120558 0.00974323 0.00786305 0.00633733 0.00510137 0.00410145 0.0032886 0.00263251 0.00210465 0.00927325 -2.41385 -0.862421 -0.369417 -0.052978 0.141031 0.261402 0.320932 0.34108 0.336412 0.316966 0.289541 0.258648 0.227182 0.196924 0.168893 0.143593 0.121196 0.10166 0.0848214 0.0704453 0.0582694 0.0480257 0.0394569 0.0323245 0.0264134 0.021533 0.0175171 0.0142221 0.0115185 0.0093141 0.00752058 0.00606418 0.00488336 0.00392261 0.00314578 0.00251957 0.0112935 -2.13087 -0.812026 -0.390618 -0.116434 0.0551528 0.189327 0.272847 0.30988 0.316966 0.30559 0.283609 0.256301 0.227119 0.198247 0.170988 0.146051 0.123752 0.10415 0.0871479 0.0725581 0.0601484 0.0496705 0.0408788 0.0335413 0.027446 0.0224031 0.0182461 0.0148297 0.0120231 0.00973154 0.00786466 0.00634689 0.005115 0.00411226 0.0033008 0.00264603 0.0119574 -1.85442 -0.741419 -0.384138 -0.14906 0.000486412 0.136379 0.23028 0.275696 0.289541 0.283609 0.266006 0.242216 0.215858 0.18925 0.163805 0.140321 0.119184 0.10051 0.0842486 0.0702504 0.0583126 0.0482108 0.0397187 0.0326197 0.0267143 0.0218224 0.0177853 0.0144643 0.0117342 0.00950312 0.00768412 0.00620423 0.00500233 0.00402375 0.00323144 0.00259176 0.0117681 -1.59558 -0.66208 -0.361238 -0.161429 -0.0326025 0.0976154 0.193156 0.241398 0.258648 0.256301 0.242216 0.221729 0.198382 0.174458 0.151367 0.129922 0.110531 0.0933415 0.0783323 0.0653836 0.054321 0.0449459 0.0370545 0.0304506 0.0249517 0.0203929 0.0166279 0.0135287 0.0109797 0.00889542 0.00719526 0.00581141 0.00468703 0.00377141 0.00302983 0.00243088 0.0110721 -1.36018 -0.581377 -0.329538 -0.160933 -0.0510046 0.0693463 0.161158 0.208726 0.227182 0.227119 0.215858 0.198382 0.178009 0.15689 0.136365 0.117212 0.0998364 0.0843937 0.0708833 0.0592092 0.0492226 0.0407502 0.0336122 0.027634 0.0226528 0.0185206 0.0151062 0.0122942 0.00998077 0.00808831 0.00654404 0.00528665 0.00426472 0.00343243 0.00275817 0.00221346 0.010104 -1.1506 -0.503838 -0.294081 -0.152681 -0.0596144 0.0488218 0.133841 0.17865 0.196924 0.198247 0.18925 0.174458 0.15689 0.138513 0.120553 0.103733 0.0884345 0.0748115 0.0628752 0.0525489 0.0437067 0.0361989 0.0298692 0.024565 0.0201429 0.016473 0.0134394 0.0109401 0.00888341 0.00720047 0.00582679 0.00470803 0.00379856 0.00305779 0.00245758 0.00197258 0.00901925 -0.966979 -0.432044 -0.258104 -0.140145 -0.0618762 0.0339954 0.110706 0.151632 0.168893 0.170988 0.163805 0.151367 0.136365 0.120553 0.105032 0.090455 0.0771685 0.0653193 0.0549249 0.045924 0.0382108 0.0316574 0.0261295 0.0214949 0.0176296 0.0144206 0.0117671 0.00958053 0.00778074 0.00630769 0.00510507 0.00412542 0.00332891 0.0026801 0.00215433 0.00172942 0.00791747 -0.808139 -0.367272 -0.22359 -0.125638 -0.0601867 0.0233481 0.0912421 0.127798 0.143593 0.146051 0.140321 0.129922 0.117212 0.103733 0.090455 0.0779541 0.0665413 0.0563505 0.0474023 0.0396478 0.0329986 0.0273463 0.0225764 0.0185758 0.0152383 0.0124666 0.0101743 0.0082848 0.00672934 0.00545602 0.00441628 0.00356919 0.00288036 0.00231924 0.00186446 0.00149689 0.00685985 -0.672135 -0.309947 -0.191667 -0.110656 -0.0561909 0.0157545 0.0749615 0.107068 0.121196 0.123752 0.119184 0.110531 0.0998364 0.0884345 0.0771685 0.0665413 0.0568257 0.0481414 0.0405101 0.0338927 0.0282155 0.0233876 0.0193118 0.0158924 0.013039 0.0106688 0.00870811 0.00709173 0.0057609 0.0046713 0.00378146 0.00305641 0.00246674 0.00198637 0.00159702 0.00128228 0.0058812 -0.556663 -0.25996 -0.162888 -0.0961262 -0.0509975 0.0103833 0.0614103 0.0892386 0.10166 0.10415 0.10051 0.0933415 0.0843937 0.0748115 0.0653193 0.0563505 0.0481414 0.0407975 0.0343397 0.028737 0.0239284 0.0198375 0.0163831 0.0134841 0.0110645 0.00905427 0.00739104 0.00601969 0.0048905 0.00396586 0.00321065 0.00259523 0.00209468 0.00168689 0.00135634 0.00108912 0.00499868 -0.459316 -0.216881 -0.137433 -0.0825883 -0.0453364 0.00662147 0.0501797 0.0740455 0.0848214 0.0871479 0.0842486 0.0783323 0.0708833 0.0628752 0.0549249 0.0474023 0.0405101 0.0343397 0.0289109 0.0241987 0.020153 0.0167101 0.0138021 0.0113612 0.00932352 0.00763034 0.00622922 0.00507384 0.00412239 0.00334322 0.00270676 0.00218806 0.00176614 0.0014224 0.00114375 0.000918473 0.0042179 -0.377741 -0.180109 -0.115246 -0.0703193 -0.0396722 0.00401903 0.0409075 0.0611974 0.0704453 0.0725581 0.0702504 0.0653836 0.0592092 0.0525489 0.045924 0.0396478 0.0338927 0.028737 0.0241987 0.0202581 0.0168737 0.0139929 0.0115591 0.00951583 0.00780982 0.00639206 0.00521871 0.00425105 0.00345412 0.00280143 0.00226824 0.00183367 0.00148016 0.00119214 0.000958655 0.000769875 0.00353724 -0.309736 -0.148968 -0.0961315 -0.0594239 -0.0342861 0.00224637 0.033278 0.0504026 0.0582694 0.0601484 0.0583126 0.054321 0.0492226 0.0437067 0.0382108 0.0329986 0.0282155 0.0239284 0.020153 0.0168737 0.0140565 0.011658 0.00963122 0.00792947 0.00650838 0.00532726 0.00434965 0.00354334 0.00287925 0.00233531 0.00189093 0.00152871 0.00123405 0.00099397 0.000799333 0.000641957 0.00295077 -0.2533 -0.122772 -0.0798205 -0.0498976 -0.0293341 0.00106323 0.0270191 0.0413829 0.0480257 0.0496705 0.0482108 0.0449459 0.0407502 0.0361989 0.0316574 0.0273463 0.0233876 0.0198375 0.0167101 0.0139929 0.011658 0.00966968 0.0079893 0.00657817 0.00539963 0.00442 0.00360908 0.0029402 0.00238928 0.00193799 0.00156928 0.00126873 0.00102421 0.000824993 0.000663472 0.000532867 0.00245025 -0.206649 -0.100861 -0.0660109 -0.0416703 -0.0248895 0.000295091 0.0218984 0.0338827 0.0394569 0.0408788 0.0397187 0.0370545 0.0336122 0.0298692 0.0261295 0.0225764 0.0193118 0.0163831 0.0138021 0.0115591 0.00963122 0.0079893 0.00660143 0.00543581 0.00446221 0.00365285 0.00298283 0.00243013 0.00197486 0.00160192 0.0012972 0.00104879 0.000846691 0.000682025 0.000548515 0.000440555 0.00202644 -0.168222 -0.0826253 -0.0543966 -0.0346351 -0.0209715 -0.000184092 0.0177192 0.0276721 0.0323245 0.0335413 0.0326197 0.0304506 0.027634 0.024565 0.0214949 0.0185758 0.0158924 0.0134841 0.0113612 0.00951583 0.00792947 0.00657817 0.00543581 0.00447628 0.00367474 0.00300836 0.00245666 0.00200154 0.00162663 0.00131949 0.00106853 0.000863941 0.000697482 0.000561852 0.000451882 0.000362953 0.00166998 -0.136668 -0.0675127 -0.0446841 -0.0286685 -0.0175654 -0.000464822 0.0143159 0.0225484 0.0264134 0.027446 0.0267143 0.0249517 0.0226528 0.0201429 0.0176296 0.0152383 0.013039 0.0110645 0.00932352 0.00780982 0.00650838 0.00539963 0.00446221 0.00367474 0.00301687 0.0024699 0.00201703 0.00164341 0.00133563 0.00108348 0.000877429 0.000709449 0.000572771 0.000461405 0.000371106 0.000298082 0.00137186 -0.11083 -0.0550361 -0.0366016 -0.0236432 -0.0146374 -0.000611647 0.0115501 0.0183352 0.021533 0.0224031 0.0218224 0.0203929 0.0185206 0.016473 0.0144206 0.0124666 0.0106688 0.00905427 0.00763034 0.00639206 0.00532726 0.00442 0.00365285 0.00300836 0.0024699 0.00202217 0.00165145 0.0013456 0.00109363 0.000887186 0.000718487 0.00058095 0.000469039 0.000377852 0.000303913 0.000244117 0.00112376 -0.0897254 -0.0447704 -0.0299045 -0.0194354 -0.0121431 -0.000670227 0.00930652 0.0148809 0.0175171 0.0182461 0.0177853 0.0166279 0.0151062 0.0134394 0.0117671 0.0101743 0.00870811 0.00739104 0.00622922 0.00521871 0.00434965 0.00360908 0.00298283 0.00245666 0.00201703 0.00165145 0.00134874 0.00109898 0.000893215 0.000724626 0.000586852 0.000474524 0.000383122 0.000308646 0.000248255 0.000199414 0.000918172 -0.0725234 -0.0363479 -0.0243757 -0.01593 -0.0100348 -0.000672974 0.00748917 0.0120558 0.0142221 0.0148297 0.0144643 0.0135287 0.0122942 0.0109401 0.00958053 0.0082848 0.00709173 0.00601969 0.00507384 0.00425105 0.00354334 0.0029402 0.00243013 0.00200154 0.00164341 0.0013456 0.00109898 0.000895493 0.000727849 0.000590486 0.000478228 0.0003867 0.000312221 0.000251533 0.000202322 0.000162522 0.000748454 -0.0584736 -0.0294392 -0.0198201 -0.0130227 -0.00826807 -0.000648137 0.00601203 0.00974323 0.0115185 0.0120231 0.0117342 0.0109797 0.00998077 0.00888341 0.00778074 0.00672934 0.0057609 0.0048905 0.00412239 0.00345412 0.00287925 0.00238928 0.00197486 0.00162663 0.00133563 0.00109363 0.000893215 0.000727849 0.000591626 0.000479999 0.000388767 0.000314376 0.000253838 0.000204508 0.000164503 0.000132148 0.000608787 -0.0470864 -0.0238059 -0.0160853 -0.0106208 -0.00679095 -0.000601088 0.00482153 0.00786305 0.0093141 0.00973154 0.00950312 0.00889542 0.00808831 0.00720047 0.00630769 0.00545602 0.0046713 0.00396586 0.00334322 0.00280143 0.00233531 0.00193799 0.00160192 0.00131949 0.00108348 0.000887186 0.000724626 0.000590486 0.000479999 0.000389455 0.000315447 0.000255097 0.000205983 0.000165959 0.000133501 0.000107248 0.000494228 -0.0378725 -0.0192224 -0.0130316 -0.00864324 -0.00556199 -0.00054293 0.00386324 0.00633733 0.00752058 0.00786466 0.00768412 0.00719526 0.00654404 0.00582679 0.00510507 0.00441628 0.00378146 0.00321065 0.00270676 0.00226824 0.00189093 0.00156928 0.0012972 0.00106853 0.000877429 0.000718487 0.000586852 0.000478228 0.000388767 0.000315447 0.000255514 0.000206639 0.000166861 0.000134444 0.000108153 8.68876e-05 0.000400519 -0.0304282 -0.0155003 -0.0105407 -0.00702006 -0.00454384 -0.000480928 0.00309273 0.00510137 0.00606418 0.00634689 0.00620423 0.00581141 0.00528665 0.00470803 0.00412542 0.00356919 0.00305641 0.00259523 0.00218806 0.00183367 0.00152871 0.00126873 0.00104879 0.000863941 0.000709449 0.00058095 0.000474524 0.0003867 0.000314376 0.000255097 0.000206639 0.000167119 0.000134953 0.000108739 8.74779e-05 7.02798e-05 0.00032405 -0.0244198 -0.0124825 -0.00851298 -0.00569143 -0.00370367 -0.000419918 0.0024736 0.00410145 0.00488336 0.005115 0.00500233 0.00468703 0.00426472 0.00379856 0.00332891 0.00288036 0.00246674 0.00209468 0.00176614 0.00148016 0.00123405 0.00102421 0.000846691 0.000697482 0.000572771 0.000469039 0.000383122 0.000312221 0.000253838 0.000205983 0.000166861 0.000134953 0.000108982 8.78157e-05 7.0648e-05 5.67605e-05 0.000261784 -0.0195381 -0.0100281 -0.00686113 -0.00460657 -0.00301535 -0.000366716 0.00197169 0.0032886 0.00392261 0.00411226 0.00402375 0.00377141 0.00343243 0.00305779 0.0026801 0.00231924 0.00198637 0.00168689 0.0014224 0.00119214 0.00099397 0.000824993 0.000682025 0.000561852 0.000461405 0.000377852 0.000308646 0.000251533 0.000204508 0.000165959 0.000134444 0.000108739 8.78157e-05 7.07655e-05 5.69359e-05 4.57474e-05 0.000211121 -0.0156052 -0.00804374 -0.00552129 -0.00372279 -0.00245108 -0.000318044 0.0015688 0.00263251 0.00314578 0.0033008 0.00323144 0.00302983 0.00275817 0.00245758 0.00215433 0.00186446 0.00159702 0.00135634 0.00114375 0.000958655 0.000799333 0.000663472 0.000548515 0.000451882 0.000371106 0.000303913 0.000248255 0.000202322 0.000164503 0.000133501 0.000108153 8.74779e-05 7.0648e-05 5.69359e-05 4.58137e-05 3.68144e-05 0.000170023 -0.0124482 -0.00644387 -0.00443723 -0.00300428 -0.00198916 -0.000273661 0.0012467 0.00210465 0.00251957 0.00264603 0.00259176 0.00243088 0.00221346 0.00197258 0.00172942 0.00149689 0.00128228 0.00108912 0.000918473 0.000769875 0.000641957 0.000532867 0.000440555 0.000362953 0.000298082 0.000244117 0.000199414 0.000162522 0.000132148 0.000107248 8.68876e-05 7.02798e-05 5.67605e-05 4.57474e-05 3.68144e-05 2.95859e-05 0.000136749 -0.0536302 -0.028961 -0.0205332 -0.0144212 -0.0100119 -0.00202254 0.00517543 0.00927325 0.0112935 0.0119574 0.0117681 0.0110721 0.010104 0.00901925 0.00791747 0.00685985 0.0058812 0.00499868 0.0042179 0.00353724 0.00295077 0.00245025 0.00202644 0.00166998 0.00137186 0.00112376 0.000918172 0.000748454 0.000608787 0.000494228 0.000400519 0.00032405 0.000261784 0.000211121 0.000170023 0.000136749 0.000637759 
