2.95963e-07 1.66857e-07 1.47541e-07 1.3125e-07 1.17191e-07 1.04844e-07 9.3851e-08 8.39537e-08 7.49609e-08 6.67268e-08 5.91379e-08 5.21041e-08 4.55527e-08 3.94241e-08 3.36693e-08 2.82469e-08 2.31221e-08 1.82652e-08 1.36507e-08 9.25642e-09 5.06322e-09 1.0542e-09 -2.78549e-09 -6.469e-09 -1.0008e-08 -1.3413e-08 -1.66934e-08 -1.98575e-08 -2.2913e-08 -2.58667e-08 -2.87251e-08 -3.14937e-08 -3.41778e-08 -3.67823e-08 -3.93114e-08 -4.17693e-08 -1.28142e-06 1.66857e-07 9.40699e-08 8.31803e-08 7.39958e-08 6.60695e-08 5.91087e-08 5.2911e-08 4.73311e-08 4.22612e-08 3.7619e-08 3.33405e-08 2.93751e-08 2.56815e-08 2.22264e-08 1.89819e-08 1.59249e-08 1.30357e-08 1.02975e-08 7.69592e-09 5.21855e-09 2.85452e-09 5.94335e-10 -1.57039e-09 -3.64707e-09 -5.64229e-09 -7.56195e-09 -9.41133e-09 -1.11952e-08 -1.29178e-08 -1.45831e-08 -1.61945e-08 -1.77554e-08 -1.92687e-08 -2.0737e-08 -2.21628e-08 -2.35485e-08 -7.22434e-07 1.47541e-07 8.31803e-08 7.35514e-08 6.543e-08 5.84213e-08 5.22662e-08 4.6786e-08 4.1852e-08 3.7369e-08 3.32642e-08 2.9481e-08 2.59746e-08 2.27086e-08 1.96535e-08 1.67846e-08 1.40814e-08 1.15267e-08 9.10544e-09 6.80504e-09 4.61445e-09 2.52408e-09 5.25535e-10 -1.3886e-09 -3.22488e-09 -4.98914e-09 -6.68658e-09 -8.32187e-09 -9.89922e-09 -1.14224e-08 -1.28949e-08 -1.43198e-08 -1.57e-08 -1.70381e-08 -1.83365e-08 -1.95973e-08 -2.08226e-08 -6.38805e-07 1.3125e-07 7.39958e-08 6.543e-08 5.82054e-08 5.19706e-08 4.64951e-08 4.162e-08 3.72308e-08 3.32428e-08 2.95912e-08 2.62258e-08 2.31065e-08 2.02012e-08 1.74834e-08 1.49313e-08 1.25266e-08 1.02539e-08 8.10004e-09 6.05364e-09 4.10493e-09 2.24538e-09 4.67507e-10 -1.23528e-09 -2.8688e-09 -4.43825e-09 -5.94826e-09 -7.40299e-09 -8.80617e-09 -1.01612e-08 -1.14711e-08 -1.27387e-08 -1.39665e-08 -1.51568e-08 -1.63118e-08 -1.74334e-08 -1.85234e-08 -5.6827e-07 1.17191e-07 6.60695e-08 5.84213e-08 5.19706e-08 4.64036e-08 4.15147e-08 3.71618e-08 3.32428e-08 2.96819e-08 2.64215e-08 2.34166e-08 2.06314e-08 1.80373e-08 1.56106e-08 1.33319e-08 1.11848e-08 9.15554e-09 7.23238e-09 5.40519e-09 3.66522e-09 2.00486e-09 4.17428e-10 -1.10296e-09 -2.5615e-09 -3.96284e-09 -5.3111e-09 -6.61e-09 -7.86287e-09 -9.07274e-09 -1.02423e-08 -1.13741e-08 -1.24704e-08 -1.35332e-08 -1.45645e-08 -1.5566e-08 -1.65392e-08 -5.07398e-07 1.04844e-07 5.91087e-08 5.22662e-08 4.64951e-08 4.15147e-08 3.71409e-08 3.32465e-08 2.97404e-08 2.65547e-08 2.36378e-08 2.09495e-08 1.84578e-08 1.61369e-08 1.39659e-08 1.19273e-08 1.00064e-08 8.19095e-09 6.4704e-09 4.83572e-09 3.27907e-09 1.79364e-09 3.7345e-10 -9.86753e-10 -2.29163e-09 -3.54533e-09 -4.75154e-09 -5.91359e-09 -7.03447e-09 -8.11687e-09 -9.16324e-09 -1.01758e-08 -1.11566e-08 -1.21074e-08 -1.30301e-08 -1.3926e-08 -1.47967e-08 -4.5394e-07 9.3851e-08 5.2911e-08 4.6786e-08 4.162e-08 3.71618e-08 3.32465e-08 2.97606e-08 2.66221e-08 2.37704e-08 2.11593e-08 1.87529e-08 1.65224e-08 1.44449e-08 1.25016e-08 1.06767e-08 8.9572e-09 7.33211e-09 5.79196e-09 4.32868e-09 2.93525e-09 1.60557e-09 3.34293e-10 -8.8329e-10 -2.05135e-09 -3.17359e-09 -4.25333e-09 -5.29354e-09 -6.29689e-09 -7.2658e-09 -8.20245e-09 -9.10885e-09 -9.98679e-09 -1.08379e-08 -1.16638e-08 -1.24658e-08 -1.32452e-08 -4.06344e-07 8.39537e-08 4.73311e-08 4.1852e-08 3.72308e-08 3.32428e-08 2.97404e-08 2.66221e-08 2.38146e-08 2.12636e-08 1.89279e-08 1.67752e-08 1.478e-08 1.29216e-08 1.11832e-08 9.55073e-09 8.01259e-09 6.55888e-09 5.18115e-09 3.87219e-09 2.6257e-09 1.43625e-09 2.99039e-10 -7.9014e-10 -1.83502e-09 -2.83891e-09 -3.80478e-09 -4.73529e-09 -5.63283e-09 -6.49956e-09 -7.33744e-09 -8.14824e-09 -8.9336e-09 -9.69499e-09 -1.04338e-08 -1.11512e-08 -1.18484e-08 -3.63491e-07 7.49609e-08 4.22612e-08 3.7369e-08 3.32428e-08 2.96819e-08 2.65547e-08 2.37704e-08 2.12636e-08 1.89859e-08 1.69004e-08 1.49783e-08 1.31968e-08 1.15375e-08 9.98526e-09 8.52769e-09 7.15431e-09 5.85631e-09 4.62617e-09 3.45741e-09 2.34445e-09 1.2824e-09 2.67007e-10 -7.05503e-10 -1.63846e-09 -2.53481e-09 -3.39723e-09 -4.22806e-09 -5.02946e-09 -5.80335e-09 -6.55148e-09 -7.27543e-09 -7.97666e-09 -8.6565e-09 -9.31614e-09 -9.95672e-09 -1.05792e-08 -3.24555e-07 6.67268e-08 3.7619e-08 3.32642e-08 2.95912e-08 2.64215e-08 2.36378e-08 2.11593e-08 1.89279e-08 1.69004e-08 1.5044e-08 1.3333e-08 1.17472e-08 1.02702e-08 8.88843e-09 7.59096e-09 6.36845e-09 5.21303e-09 4.11801e-09 3.07763e-09 2.08692e-09 1.14154e-09 2.37677e-10 -6.28007e-10 -1.45848e-09 -2.25638e-09 -3.02406e-09 -3.76363e-09 -4.477e-09 -5.16588e-09 -5.83183e-09 -6.47626e-09 -7.10047e-09 -7.70562e-09 -8.29281e-09 -8.86302e-09 -9.41717e-09 -2.88905e-07 5.91379e-08 3.33405e-08 2.9481e-08 2.62258e-08 2.34166e-08 2.09495e-08 1.87529e-08 1.67752e-08 1.49783e-08 1.3333e-08 1.18167e-08 1.04112e-08 9.10212e-09 7.87755e-09 6.72764e-09 5.64416e-09 4.62014e-09 3.64966e-09 2.72761e-09 1.84957e-09 1.01171e-09 2.10646e-10 -5.56583e-10 -1.29261e-09 -1.99976e-09 -2.68013e-09 -3.33559e-09 -3.96783e-09 -4.57836e-09 -5.16857e-09 -5.73971e-09 -6.29293e-09 -6.82926e-09 -7.34967e-09 -7.85503e-09 -8.34615e-09 -2.56047e-07 5.21041e-08 2.93751e-08 2.59746e-08 2.31065e-08 2.06314e-08 1.84578e-08 1.65224e-08 1.478e-08 1.31968e-08 1.17472e-08 1.04112e-08 9.1729e-09 8.01952e-09 6.9406e-09 5.92746e-09 4.97285e-09 4.07063e-09 3.21558e-09 2.40319e-09 1.62959e-09 8.91378e-10 1.85592e-10 -4.90384e-10 -1.13886e-09 -1.76191e-09 -2.36136e-09 -2.93886e-09 -3.4959e-09 -4.03382e-09 -4.55383e-09 -5.05704e-09 -5.54445e-09 -6.01699e-09 -6.4755e-09 -6.92076e-09 -7.35346e-09 -2.25593e-07 4.55527e-08 2.56815e-08 2.27086e-08 2.02012e-08 1.80373e-08 1.61369e-08 1.44449e-08 1.29216e-08 1.15375e-08 1.02702e-08 9.10212e-09 8.01952e-09 7.01117e-09 6.0679e-09 5.18215e-09 4.34757e-09 3.5588e-09 2.81126e-09 2.10102e-09 1.42469e-09 7.79298e-10 1.62256e-10 -4.28724e-10 -9.95666e-10 -1.54037e-09 -2.06445e-09 -2.56933e-09 -3.05633e-09 -3.52661e-09 -3.98124e-09 -4.42118e-09 -4.84731e-09 -5.26043e-09 -5.66129e-09 -6.05056e-09 -6.42886e-09 -1.97228e-07 3.94241e-08 2.22264e-08 1.96535e-08 1.74834e-08 1.56106e-08 1.39659e-08 1.25016e-08 1.11832e-08 9.98526e-09 8.88843e-09 7.87755e-09 6.9406e-09 6.0679e-09 5.25155e-09 4.48496e-09 3.76266e-09 3.08001e-09 2.43304e-09 1.81835e-09 1.23301e-09 6.74454e-10 1.40427e-10 -3.71045e-10 -8.61712e-10 -1.33313e-09 -1.7867e-09 -2.22366e-09 -2.64514e-09 -3.05215e-09 -3.44562e-09 -3.82636e-09 -4.19516e-09 -4.55271e-09 -4.89964e-09 -5.23653e-09 -5.56394e-09 -1.70693e-07 3.36693e-08 1.89819e-08 1.67846e-08 1.49313e-08 1.33319e-08 1.19273e-08 1.06767e-08 9.55073e-09 8.52769e-09 7.59096e-09 6.72764e-09 5.92746e-09 5.18215e-09 4.48496e-09 3.83028e-09 3.21342e-09 2.63041e-09 2.07788e-09 1.55292e-09 1.05303e-09 5.76002e-10 1.19928e-10 -3.16882e-10 -7.35926e-10 -1.13853e-09 -1.52589e-09 -1.89907e-09 -2.25902e-09 -2.60662e-09 -2.94265e-09 -3.26782e-09 -3.58278e-09 -3.88814e-09 -4.18442e-09 -4.47214e-09 -4.75175e-09 -1.45777e-07 2.82469e-08 1.59249e-08 1.40814e-08 1.25266e-08 1.11848e-08 1.00064e-08 8.9572e-09 8.01259e-09 7.15431e-09 6.36845e-09 5.64416e-09 4.97285e-09 4.34757e-09 3.76266e-09 3.21342e-09 2.6959e-09 2.20678e-09 1.74324e-09 1.30283e-09 8.83438e-10 4.83237e-10 1.00614e-10 -2.65849e-10 -6.17405e-10 -9.55173e-10 -1.28015e-09 -1.59323e-09 -1.89521e-09 -2.18683e-09 -2.46874e-09 -2.74154e-09 -3.00578e-09 -3.26196e-09 -3.51052e-09 -3.75191e-09 -3.98649e-09 -1.22299e-07 2.31221e-08 1.30357e-08 1.15267e-08 1.02539e-08 9.15554e-09 8.19095e-09 7.33211e-09 6.55888e-09 5.85631e-09 5.21303e-09 4.62014e-09 4.07063e-09 3.5588e-09 3.08001e-09 2.63041e-09 2.20678e-09 1.80641e-09 1.42697e-09 1.06646e-09 7.23157e-10 3.95564e-10 8.23596e-11 -2.17616e-10 -5.0539e-10 -7.81877e-10 -1.04789e-09 -1.30417e-09 -1.55136e-09 -1.79007e-09 -2.02084e-09 -2.24415e-09 -2.46044e-09 -2.67014e-09 -2.87361e-09 -3.0712e-09 -3.26322e-09 -1.00111e-07 1.82652e-08 1.02975e-08 9.10544e-09 8.10004e-09 7.23238e-09 6.4704e-09 5.79196e-09 5.18115e-09 4.62617e-09 4.11801e-09 3.64966e-09 3.21558e-09 2.81126e-09 2.43304e-09 2.07788e-09 1.74324e-09 1.42697e-09 1.12723e-09 8.42443e-10 5.71255e-10 3.12474e-10 6.50596e-11 -1.71905e-10 -3.99231e-10 -6.1764e-10 -8.27778e-10 -1.03022e-09 -1.22549e-09 -1.41406e-09 -1.59635e-09 -1.77275e-09 -1.94362e-09 -2.10927e-09 -2.27e-09 -2.42608e-09 -2.57777e-09 -7.90821e-08 1.36507e-08 7.69592e-09 6.80504e-09 6.05364e-09 5.40519e-09 4.83572e-09 4.32868e-09 3.87219e-09 3.45741e-09 3.07763e-09 2.72761e-09 2.40319e-09 2.10102e-09 1.81835e-09 1.55292e-09 1.30283e-09 1.06646e-09 8.42443e-10 6.29608e-10 4.26933e-10 2.3353e-10 4.86229e-11 -1.28475e-10 -2.98369e-10 -4.61599e-10 -6.18648e-10 -7.69946e-10 -9.15884e-10 -1.05681e-09 -1.19305e-09 -1.32488e-09 -1.45258e-09 -1.57638e-09 -1.69651e-09 -1.81316e-09 -1.92652e-09 -5.91028e-08 9.25642e-09 5.21855e-09 4.61445e-09 4.10493e-09 3.66522e-09 3.27907e-09 2.93525e-09 2.6257e-09 2.34445e-09 2.08692e-09 1.84957e-09 1.62959e-09 1.42469e-09 1.23301e-09 1.05303e-09 8.83438e-10 7.23157e-10 5.71255e-10 4.26933e-10 2.895e-10 1.58355e-10 3.29709e-11 -8.71178e-11 -2.02322e-10 -3.13007e-10 -4.19501e-10 -5.22095e-10 -6.21055e-10 -7.16617e-10 -8.08998e-10 -8.98395e-10 -9.84985e-10 -1.06893e-09 -1.15039e-09 -1.22949e-09 -1.30636e-09 -4.00772e-08 5.06322e-09 2.85452e-09 2.52408e-09 2.24538e-09 2.00486e-09 1.79364e-09 1.60557e-09 1.43625e-09 1.2824e-09 1.14154e-09 1.01171e-09 8.91378e-10 7.79298e-10 6.74454e-10 5.76002e-10 4.83237e-10 3.95564e-10 3.12474e-10 2.3353e-10 1.58355e-10 8.66197e-11 1.80349e-11 -4.76531e-11 -1.10669e-10 -1.71214e-10 -2.29465e-10 -2.85584e-10 -3.39714e-10 -3.91987e-10 -4.42519e-10 -4.91418e-10 -5.38783e-10 -5.84702e-10 -6.29258e-10 -6.72525e-10 -7.14574e-10 -2.19221e-08 1.0542e-09 5.94335e-10 5.25535e-10 4.67507e-10 4.17428e-10 3.7345e-10 3.34293e-10 2.99039e-10 2.67007e-10 2.37677e-10 2.10646e-10 1.85592e-10 1.62256e-10 1.40427e-10 1.19928e-10 1.00614e-10 8.23596e-11 6.50596e-11 4.86229e-11 3.29709e-11 1.80349e-11 3.75502e-12 -9.92176e-12 -2.30422e-11 -3.56481e-11 -4.77765e-11 -5.94609e-11 -7.07313e-11 -8.16148e-11 -9.2136e-11 -1.02317e-10 -1.12179e-10 -1.2174e-10 -1.31017e-10 -1.40025e-10 -1.4878e-10 -4.56435e-09 -2.78549e-09 -1.57039e-09 -1.3886e-09 -1.23528e-09 -1.10296e-09 -9.86753e-10 -8.8329e-10 -7.9014e-10 -7.05503e-10 -6.28007e-10 -5.56583e-10 -4.90384e-10 -4.28724e-10 -3.71045e-10 -3.16882e-10 -2.65849e-10 -2.17616e-10 -1.71905e-10 -1.28475e-10 -8.71178e-11 -4.76531e-11 -9.92176e-12 2.62159e-11 6.08837e-11 9.41917e-11 1.26238e-10 1.57112e-10 1.86891e-10 2.15648e-10 2.43448e-10 2.70349e-10 2.96407e-10 3.21669e-10 3.46181e-10 3.69984e-10 3.93117e-10 1.20602e-08 -6.469e-09 -3.64707e-09 -3.22488e-09 -2.8688e-09 -2.5615e-09 -2.29163e-09 -2.05135e-09 -1.83502e-09 -1.63846e-09 -1.45848e-09 -1.29261e-09 -1.13886e-09 -9.95666e-10 -8.61712e-10 -7.35926e-10 -6.17405e-10 -5.0539e-10 -3.99231e-10 -2.98369e-10 -2.02322e-10 -1.10669e-10 -2.30422e-11 6.08837e-11 1.41396e-10 2.1875e-10 2.93175e-10 3.64875e-10 4.34034e-10 5.0082e-10 5.65382e-10 6.27858e-10 6.88373e-10 7.47042e-10 8.03968e-10 8.59249e-10 9.12972e-10 2.80086e-08 -1.0008e-08 -5.64229e-09 -4.98914e-09 -4.43825e-09 -3.96284e-09 -3.54533e-09 -3.17359e-09 -2.83891e-09 -2.53481e-09 -2.25638e-09 -1.99976e-09 -1.76191e-09 -1.54037e-09 -1.33313e-09 -1.13853e-09 -9.55173e-10 -7.81877e-10 -6.1764e-10 -4.61599e-10 -3.13007e-10 -1.71214e-10 -3.56481e-11 9.41917e-11 2.1875e-10 3.38423e-10 4.53564e-10 5.64489e-10 6.71484e-10 7.74806e-10 8.74689e-10 9.71344e-10 1.06497e-09 1.15573e-09 1.2438e-09 1.32932e-09 1.41244e-09 4.33314e-08 -1.3413e-08 -7.56195e-09 -6.68658e-09 -5.94826e-09 -5.3111e-09 -4.75154e-09 -4.25333e-09 -3.80478e-09 -3.39723e-09 -3.02406e-09 -2.68013e-09 -2.36136e-09 -2.06445e-09 -1.7867e-09 -1.52589e-09 -1.28015e-09 -1.04789e-09 -8.27778e-10 -6.18648e-10 -4.19501e-10 -2.29465e-10 -4.77765e-11 1.26238e-10 2.93175e-10 4.53564e-10 6.07879e-10 7.56543e-10 8.99941e-10 1.03842e-09 1.17228e-09 1.30182e-09 1.4273e-09 1.54894e-09 1.66697e-09 1.78159e-09 1.89299e-09 5.80739e-08 -1.66934e-08 -9.41133e-09 -8.32187e-09 -7.40299e-09 -6.61e-09 -5.91359e-09 -5.29354e-09 -4.73529e-09 -4.22806e-09 -3.76363e-09 -3.33559e-09 -2.93886e-09 -2.56933e-09 -2.22366e-09 -1.89907e-09 -1.59323e-09 -1.30417e-09 -1.03022e-09 -7.69946e-10 -5.22095e-10 -2.85584e-10 -5.94609e-11 1.57112e-10 3.64875e-10 5.64489e-10 7.56543e-10 9.41566e-10 1.12003e-09 1.29237e-09 1.45898e-09 1.6202e-09 1.77636e-09 1.92775e-09 2.07465e-09 2.21731e-09 2.35594e-09 7.22767e-08 -1.98575e-08 -1.11952e-08 -9.89922e-09 -8.80617e-09 -7.86287e-09 -7.03447e-09 -6.29689e-09 -5.63283e-09 -5.02946e-09 -4.477e-09 -3.96783e-09 -3.4959e-09 -3.05633e-09 -2.64514e-09 -2.25902e-09 -1.89521e-09 -1.55136e-09 -1.22549e-09 -9.15884e-10 -6.21055e-10 -3.39714e-10 -7.07313e-11 1.86891e-10 4.34034e-10 6.71484e-10 8.99941e-10 1.12003e-09 1.33233e-09 1.53733e-09 1.73552e-09 1.9273e-09 2.11305e-09 2.29315e-09 2.46789e-09 2.63758e-09 2.80249e-09 8.59762e-08 -2.2913e-08 -1.29178e-08 -1.14224e-08 -1.01612e-08 -9.07274e-09 -8.11687e-09 -7.2658e-09 -6.49956e-09 -5.80335e-09 -5.16588e-09 -4.57836e-09 -4.03382e-09 -3.52661e-09 -3.05215e-09 -2.60662e-09 -2.18683e-09 -1.79007e-09 -1.41406e-09 -1.05681e-09 -7.16617e-10 -3.91987e-10 -8.16148e-11 2.15648e-10 5.0082e-10 7.74806e-10 1.03842e-09 1.29237e-09 1.53733e-09 1.77388e-09 2.00256e-09 2.22385e-09 2.43819e-09 2.64599e-09 2.84763e-09 3.04343e-09 3.23371e-09 9.92055e-08 -2.58667e-08 -1.45831e-08 -1.28949e-08 -1.14711e-08 -1.02423e-08 -9.16324e-09 -8.20245e-09 -7.33744e-09 -6.55148e-09 -5.83183e-09 -5.16857e-09 -4.55383e-09 -3.98124e-09 -3.44562e-09 -2.94265e-09 -2.46874e-09 -2.02084e-09 -1.59635e-09 -1.19305e-09 -8.08998e-10 -4.42519e-10 -9.2136e-11 2.43448e-10 5.65382e-10 8.74689e-10 1.17228e-09 1.45898e-09 1.73552e-09 2.00256e-09 2.26072e-09 2.51053e-09 2.75251e-09 2.9871e-09 3.21472e-09 3.43576e-09 3.65058e-09 1.11994e-07 -2.87251e-08 -1.61945e-08 -1.43198e-08 -1.27387e-08 -1.13741e-08 -1.01758e-08 -9.10885e-09 -8.14824e-09 -7.27543e-09 -6.47626e-09 -5.73971e-09 -5.05704e-09 -4.42118e-09 -3.82636e-09 -3.26782e-09 -2.74154e-09 -2.24415e-09 -1.77275e-09 -1.32488e-09 -8.98395e-10 -4.91418e-10 -1.02317e-10 2.70349e-10 6.27858e-10 9.71344e-10 1.30182e-09 1.6202e-09 1.9273e-09 2.22385e-09 2.51053e-09 2.78795e-09 3.05667e-09 3.31718e-09 3.56996e-09 3.81543e-09 4.05398e-09 1.2437e-07 -3.14937e-08 -1.77554e-08 -1.57e-08 -1.39665e-08 -1.24704e-08 -1.11566e-08 -9.98679e-09 -8.9336e-09 -7.97666e-09 -7.10047e-09 -6.29293e-09 -5.54445e-09 -4.84731e-09 -4.19516e-09 -3.58278e-09 -3.00578e-09 -2.46044e-09 -1.94362e-09 -1.45258e-09 -9.84985e-10 -5.38783e-10 -1.12179e-10 2.96407e-10 6.88373e-10 1.06497e-09 1.4273e-09 1.77636e-09 2.11305e-09 2.43819e-09 2.75251e-09 3.05667e-09 3.35128e-09 3.6369e-09 3.91404e-09 4.18317e-09 4.44472e-09 1.36357e-07 -3.41778e-08 -1.92687e-08 -1.70381e-08 -1.51568e-08 -1.35332e-08 -1.21074e-08 -1.08379e-08 -9.69499e-09 -8.6565e-09 -7.70562e-09 -6.82926e-09 -6.01699e-09 -5.26043e-09 -4.55271e-09 -3.88814e-09 -3.26196e-09 -2.67014e-09 -2.10927e-09 -1.57638e-09 -1.06893e-09 -5.84702e-10 -1.2174e-10 3.21669e-10 7.47042e-10 1.15573e-09 1.54894e-09 1.92775e-09 2.29315e-09 2.64599e-09 2.9871e-09 3.31718e-09 3.6369e-09 3.94687e-09 4.24763e-09 4.53969e-09 4.82353e-09 1.47979e-07 -3.67823e-08 -2.0737e-08 -1.83365e-08 -1.63118e-08 -1.45645e-08 -1.30301e-08 -1.16638e-08 -1.04338e-08 -9.31614e-09 -8.29281e-09 -7.34967e-09 -6.4755e-09 -5.66129e-09 -4.89964e-09 -4.18442e-09 -3.51052e-09 -2.87361e-09 -2.27e-09 -1.69651e-09 -1.15039e-09 -6.29258e-10 -1.31017e-10 3.46181e-10 8.03968e-10 1.2438e-09 1.66697e-09 2.07465e-09 2.46789e-09 2.84763e-09 3.21472e-09 3.56996e-09 3.91404e-09 4.24763e-09 4.57131e-09 4.88563e-09 5.19109e-09 1.59255e-07 -3.93114e-08 -2.21628e-08 -1.95973e-08 -1.74334e-08 -1.5566e-08 -1.3926e-08 -1.24658e-08 -1.11512e-08 -9.95672e-09 -8.86302e-09 -7.85503e-09 -6.92076e-09 -6.05056e-09 -5.23653e-09 -4.47214e-09 -3.75191e-09 -3.0712e-09 -2.42608e-09 -1.81316e-09 -1.22949e-09 -6.72525e-10 -1.40025e-10 3.69984e-10 8.59249e-10 1.32932e-09 1.78159e-09 2.21731e-09 2.63758e-09 3.04343e-09 3.43576e-09 3.81543e-09 4.18317e-09 4.53969e-09 4.88563e-09 5.22156e-09 5.54803e-09 1.70205e-07 -4.17693e-08 -2.35485e-08 -2.08226e-08 -1.85234e-08 -1.65392e-08 -1.47967e-08 -1.32452e-08 -1.18484e-08 -1.05792e-08 -9.41717e-09 -8.34615e-09 -7.35346e-09 -6.42886e-09 -5.56394e-09 -4.75175e-09 -3.98649e-09 -3.26322e-09 -2.57777e-09 -1.92652e-09 -1.30636e-09 -7.14574e-10 -1.4878e-10 3.93117e-10 9.12972e-10 1.41244e-09 1.89299e-09 2.35594e-09 2.80249e-09 3.23371e-09 3.65058e-09 4.05398e-09 4.44472e-09 4.82353e-09 5.19109e-09 5.54803e-09 5.89491e-09 1.80847e-07 -1.28142e-06 -7.22434e-07 -6.38805e-07 -5.6827e-07 -5.07398e-07 -4.5394e-07 -4.06344e-07 -3.63491e-07 -3.24555e-07 -2.88905e-07 -2.56047e-07 -2.25593e-07 -1.97228e-07 -1.70693e-07 -1.45777e-07 -1.22299e-07 -1.00111e-07 -7.90821e-08 -5.91028e-08 -4.00772e-08 -2.19221e-08 -4.56435e-09 1.20602e-08 2.80086e-08 4.33314e-08 5.80739e-08 7.22767e-08 8.59762e-08 9.92055e-08 1.11994e-07 1.2437e-07 1.36357e-07 1.47979e-07 1.59255e-07 1.70205e-07 1.80847e-07 5.54812e-06 
