396192 480737 781105 1.05377e+06 1.29227e+06 1.52027e+06 1.71164e+06 1.86312e+06 1.96901e+06 2.02956e+06 2.04931e+06 2.02342e+06 1.96244e+06 1.86954e+06 1.74583e+06 1.60848e+06 1.48071e+06 1.36267e+06 1.24225e+06 1.11706e+06 997498 883658 769592 661548 567866 486154 409080 333909 263029 201125 150096 108749 75281.5 49094.5 30231.4 17676.4 740.453 480737 583573 948280 1.27933e+06 1.56889e+06 1.84572e+06 2.07806e+06 2.26198e+06 2.39055e+06 2.46407e+06 2.48806e+06 2.45664e+06 2.38261e+06 2.26981e+06 2.11962e+06 1.95287e+06 1.79775e+06 1.65444e+06 1.50824e+06 1.35624e+06 1.21108e+06 1.07287e+06 934382 803204 689463 590256 496680 405413 319356 244195 182240 132038 91404.1 59609.1 36706.3 21462.4 899.11 781105 948280 1.54094e+06 2.0789e+06 2.54943e+06 2.99929e+06 3.37685e+06 3.67572e+06 3.88466e+06 4.00413e+06 4.04311e+06 3.99206e+06 3.87175e+06 3.68847e+06 3.44441e+06 3.17343e+06 2.92136e+06 2.68848e+06 2.4509e+06 2.20391e+06 1.96803e+06 1.74343e+06 1.51839e+06 1.30522e+06 1.12039e+06 959177 807113 658804 518959 396823 296143 214565 148534 96866.5 59648.8 34877 1461.1 1.05377e+06 1.27933e+06 2.0789e+06 2.80466e+06 3.43947e+06 4.04637e+06 4.55575e+06 4.95895e+06 5.24084e+06 5.40202e+06 5.45462e+06 5.38573e+06 5.22344e+06 4.97616e+06 4.6469e+06 4.28132e+06 3.94125e+06 3.62706e+06 3.30655e+06 2.97333e+06 2.65509e+06 2.35209e+06 2.04848e+06 1.76089e+06 1.51153e+06 1.29404e+06 1.08889e+06 888803 700136 535360 399532 289473 200390 130684 80473.2 47053.1 1971.21 1.29227e+06 1.56889e+06 2.54943e+06 3.43947e+06 4.21796e+06 4.96223e+06 5.5869e+06 6.08136e+06 6.42705e+06 6.62472e+06 6.68922e+06 6.60474e+06 6.40571e+06 6.10247e+06 5.69868e+06 5.25036e+06 4.83331e+06 4.44802e+06 4.05496e+06 3.64631e+06 3.25605e+06 2.88446e+06 2.51213e+06 2.15945e+06 1.85366e+06 1.58693e+06 1.33535e+06 1.08998e+06 858606 656534 489962 354993 245746 160264 98687.7 57703.3 2417.38 1.52027e+06 1.84572e+06 2.99929e+06 4.04637e+06 4.96223e+06 5.83782e+06 6.57272e+06 7.15444e+06 7.56112e+06 7.79366e+06 7.86955e+06 7.77017e+06 7.53602e+06 7.17927e+06 6.70423e+06 6.1768e+06 5.68617e+06 5.23288e+06 4.77047e+06 4.28972e+06 3.83059e+06 3.39343e+06 2.95541e+06 2.54049e+06 2.18074e+06 1.86695e+06 1.57098e+06 1.28231e+06 1.01011e+06 772383 576418 417634 289110 188543 116102 67885.3 2843.94 1.71164e+06 2.07806e+06 3.37685e+06 4.55575e+06 5.5869e+06 6.57272e+06 7.40013e+06 8.05508e+06 8.51296e+06 8.77477e+06 8.86021e+06 8.74832e+06 8.48469e+06 8.08304e+06 7.5482e+06 6.95437e+06 6.40198e+06 5.89163e+06 5.371e+06 4.82973e+06 4.31281e+06 3.82062e+06 3.32745e+06 2.86031e+06 2.45526e+06 2.10198e+06 1.76874e+06 1.44373e+06 1.13727e+06 869615 648982 470208 325504 212278 130717 76431.1 3201.96 1.86312e+06 2.26198e+06 3.67572e+06 4.95895e+06 6.08136e+06 7.15444e+06 8.05508e+06 8.768e+06 9.2664e+06 9.55139e+06 9.64439e+06 9.5226e+06 9.23564e+06 8.79843e+06 8.21626e+06 7.56988e+06 6.96859e+06 6.41307e+06 5.84637e+06 5.25719e+06 4.69452e+06 4.15877e+06 3.62195e+06 3.11346e+06 2.67257e+06 2.28802e+06 1.92529e+06 1.57151e+06 1.23793e+06 946581 706420 511824 354314 231066 142287 83195.8 3485.35 1.96901e+06 2.39055e+06 3.88466e+06 5.24084e+06 6.42705e+06 7.56112e+06 8.51296e+06 9.2664e+06 9.79314e+06 1.00943e+07 1.01926e+07 1.00639e+07 9.76063e+06 9.29857e+06 8.68331e+06 8.00018e+06 7.36471e+06 6.77762e+06 6.1787e+06 5.55603e+06 4.96137e+06 4.39517e+06 3.82784e+06 3.29044e+06 2.82449e+06 2.41808e+06 2.03473e+06 1.66084e+06 1.30829e+06 1.00039e+06 746577 540919 374454 244201 150375 87925 3683.48 2.02956e+06 2.46407e+06 4.00413e+06 5.40202e+06 6.62472e+06 7.79366e+06 8.77477e+06 9.55139e+06 1.00943e+07 1.04048e+07 1.05061e+07 1.03734e+07 1.00608e+07 9.58455e+06 8.95036e+06 8.24622e+06 7.59121e+06 6.98606e+06 6.36872e+06 5.72691e+06 5.11396e+06 4.53034e+06 3.94556e+06 3.39164e+06 2.91136e+06 2.49244e+06 2.09731e+06 1.71192e+06 1.34853e+06 1.03116e+06 769538 557555 385971 251711 155000 90629.2 3796.77 2.04931e+06 2.48806e+06 4.04311e+06 5.45462e+06 6.68922e+06 7.86955e+06 8.86021e+06 9.64439e+06 1.01926e+07 1.05061e+07 1.06084e+07 1.04744e+07 1.01588e+07 9.67788e+06 9.03751e+06 8.32652e+06 7.66513e+06 7.05409e+06 6.43074e+06 5.78267e+06 5.16376e+06 4.57446e+06 3.98398e+06 3.42467e+06 2.93971e+06 2.51672e+06 2.11773e+06 1.72859e+06 1.36166e+06 1.0412e+06 777031 562984 389729 254162 156509 91511.7 3833.74 2.02342e+06 2.45664e+06 3.99206e+06 5.38573e+06 6.60474e+06 7.77017e+06 8.74832e+06 9.5226e+06 1.00639e+07 1.03734e+07 1.04744e+07 1.03422e+07 1.00305e+07 9.55566e+06 8.92339e+06 8.22137e+06 7.56833e+06 6.96501e+06 6.34953e+06 5.70965e+06 5.09855e+06 4.51669e+06 3.93367e+06 3.38142e+06 2.90258e+06 2.48493e+06 2.09099e+06 1.70676e+06 1.34447e+06 1.02805e+06 767219 555875 384808 250953 154533 90356.2 3785.34 1.96244e+06 2.38261e+06 3.87175e+06 5.22344e+06 6.40571e+06 7.53602e+06 8.48469e+06 9.23564e+06 9.76063e+06 1.00608e+07 1.01588e+07 1.00305e+07 9.72823e+06 9.26771e+06 8.65448e+06 7.97362e+06 7.34027e+06 6.75512e+06 6.15819e+06 5.53759e+06 4.94491e+06 4.38058e+06 3.81513e+06 3.27952e+06 2.81512e+06 2.41005e+06 2.02798e+06 1.65533e+06 1.30395e+06 997069 744099 539124 373212 243390 149876 87633.3 3671.27 1.86954e+06 2.26981e+06 3.68847e+06 4.97616e+06 6.10247e+06 7.17927e+06 8.08304e+06 8.79843e+06 9.29857e+06 9.58455e+06 9.67788e+06 9.55566e+06 9.26771e+06 8.82899e+06 8.24479e+06 7.59616e+06 6.99279e+06 6.43535e+06 5.86667e+06 5.27545e+06 4.71082e+06 4.17321e+06 3.63453e+06 3.12428e+06 2.68185e+06 2.29596e+06 1.93197e+06 1.57697e+06 1.24223e+06 949870 708875 513603 355545 231869 142781 83484.9 3497.48 1.74583e+06 2.11962e+06 3.44441e+06 4.6469e+06 5.69868e+06 6.70423e+06 7.5482e+06 8.21626e+06 8.68331e+06 8.95036e+06 9.03751e+06 8.92339e+06 8.65448e+06 8.24479e+06 7.69925e+06 7.09354e+06 6.53009e+06 6.00953e+06 5.47849e+06 4.92639e+06 4.39912e+06 3.89708e+06 3.39404e+06 2.91755e+06 2.5044e+06 2.14404e+06 1.80414e+06 1.47262e+06 1.16003e+06 887019 661970 479619 332019 216526 133334 77960.9 3266.06 1.60848e+06 1.95287e+06 3.17343e+06 4.28132e+06 5.25036e+06 6.1768e+06 6.95437e+06 7.56988e+06 8.00018e+06 8.24622e+06 8.32652e+06 8.22137e+06 7.97362e+06 7.59616e+06 7.09354e+06 6.53548e+06 6.01636e+06 5.53675e+06 5.04749e+06 4.53882e+06 4.05303e+06 3.59049e+06 3.12703e+06 2.68802e+06 2.30738e+06 1.97537e+06 1.66221e+06 1.35677e+06 1.06877e+06 817236 609892 441886 305899 199492 122844 71827.6 3009.12 1.48071e+06 1.79775e+06 2.92136e+06 3.94125e+06 4.83331e+06 5.68617e+06 6.40198e+06 6.96859e+06 7.36471e+06 7.59121e+06 7.66513e+06 7.56833e+06 7.34027e+06 6.99279e+06 6.53009e+06 6.01636e+06 5.53847e+06 5.09696e+06 4.64656e+06 4.17829e+06 3.73109e+06 3.30529e+06 2.87864e+06 2.47451e+06 2.1241e+06 1.81846e+06 1.53017e+06 1.249e+06 983875 752322 561447 406787 281601 183646 113086 66122.3 2770.1 1.36267e+06 1.65444e+06 2.68848e+06 3.62706e+06 4.44802e+06 5.23288e+06 5.89163e+06 6.41307e+06 6.77762e+06 6.98606e+06 7.05409e+06 6.96501e+06 6.75512e+06 6.43535e+06 6.00953e+06 5.53675e+06 5.09696e+06 4.69065e+06 4.27615e+06 3.84522e+06 3.43366e+06 3.04181e+06 2.64917e+06 2.27725e+06 1.95477e+06 1.6735e+06 1.40819e+06 1.14943e+06 905444 692349 516691 374359 259153 169006 104072 60851.2 2549.28 1.24225e+06 1.50824e+06 2.4509e+06 3.30655e+06 4.05496e+06 4.77047e+06 5.371e+06 5.84637e+06 6.1787e+06 6.36872e+06 6.43074e+06 6.34953e+06 6.15819e+06 5.86667e+06 5.47849e+06 5.04749e+06 4.64656e+06 4.27615e+06 3.89828e+06 3.50542e+06 3.13024e+06 2.77301e+06 2.41507e+06 2.07601e+06 1.78203e+06 1.52562e+06 1.28376e+06 1.04786e+06 825433 631168 471032 341278 236252 154072 94875 55474 2324.01 1.11706e+06 1.35624e+06 2.20391e+06 2.97333e+06 3.64631e+06 4.28972e+06 4.82973e+06 5.25719e+06 5.55603e+06 5.72691e+06 5.78267e+06 5.70965e+06 5.53759e+06 5.27545e+06 4.92639e+06 4.53882e+06 4.17829e+06 3.84522e+06 3.50542e+06 3.15216e+06 2.81479e+06 2.49356e+06 2.17169e+06 1.8668e+06 1.60245e+06 1.37187e+06 1.15438e+06 942263 742249 567562 423564 306885 212444 138545 85313.9 49883.6 2089.8 997498 1.21108e+06 1.96803e+06 2.65509e+06 3.25605e+06 3.83059e+06 4.31281e+06 4.69452e+06 4.96137e+06 5.11396e+06 5.16376e+06 5.09855e+06 4.94491e+06 4.71082e+06 4.39912e+06 4.05303e+06 3.73109e+06 3.43366e+06 3.13024e+06 2.81479e+06 2.51352e+06 2.22667e+06 1.93925e+06 1.667e+06 1.43094e+06 1.22504e+06 1.03083e+06 841413 662806 506816 378230 274040 189706 123717 76182.8 44544.5 1866.13 883658 1.07287e+06 1.74343e+06 2.35209e+06 2.88446e+06 3.39343e+06 3.82062e+06 4.15877e+06 4.39517e+06 4.53034e+06 4.57446e+06 4.51669e+06 4.38058e+06 4.17321e+06 3.89708e+06 3.59049e+06 3.30529e+06 3.04181e+06 2.77301e+06 2.49356e+06 2.22667e+06 1.97256e+06 1.71794e+06 1.47676e+06 1.26764e+06 1.08524e+06 913190 745389 587166 448977 335065 242766 168056 109598 67488.7 39461 1653.17 769592 934382 1.51839e+06 2.04848e+06 2.51213e+06 2.95541e+06 3.32745e+06 3.62195e+06 3.82784e+06 3.94556e+06 3.98398e+06 3.93367e+06 3.81513e+06 3.63453e+06 3.39404e+06 3.12703e+06 2.87864e+06 2.64917e+06 2.41507e+06 2.17169e+06 1.93925e+06 1.71794e+06 1.49619e+06 1.28614e+06 1.10401e+06 945154 795314 649173 511373 391022 291815 211429 146363 95450.9 58777.2 34367.4 1439.77 661548 803204 1.30522e+06 1.76089e+06 2.15945e+06 2.54049e+06 2.86031e+06 3.11346e+06 3.29044e+06 3.39164e+06 3.42467e+06 3.38142e+06 3.27952e+06 3.12428e+06 2.91755e+06 2.68802e+06 2.47451e+06 2.27725e+06 2.07601e+06 1.8668e+06 1.667e+06 1.47676e+06 1.28614e+06 1.10557e+06 949016 812464 683660 558036 439582 336127 250847 181747 125815 82050.5 50525.4 29542.5 1237.64 567866 689463 1.12039e+06 1.51153e+06 1.85366e+06 2.18074e+06 2.45526e+06 2.67257e+06 2.82449e+06 2.91136e+06 2.93971e+06 2.90258e+06 2.81512e+06 2.68185e+06 2.5044e+06 2.30738e+06 2.1241e+06 1.95477e+06 1.78203e+06 1.60245e+06 1.43094e+06 1.26764e+06 1.10401e+06 949016 814628 697412 586848 479013 377333 288529 215325 156010 107999 70431.5 43370.6 25359.1 1062.38 486154 590256 959177 1.29404e+06 1.58693e+06 1.86695e+06 2.10198e+06 2.28802e+06 2.41808e+06 2.49244e+06 2.51672e+06 2.48493e+06 2.41005e+06 2.29596e+06 2.14404e+06 1.97537e+06 1.81846e+06 1.6735e+06 1.52562e+06 1.37187e+06 1.22504e+06 1.08524e+06 945154 812464 697412 597062 502407 410089 323039 247012 184342 133562 92459.1 60297.2 37130.1 21710.2 909.52 409080 496680 807113 1.08889e+06 1.33535e+06 1.57098e+06 1.76874e+06 1.92529e+06 2.03473e+06 2.09731e+06 2.11773e+06 2.09099e+06 2.02798e+06 1.93197e+06 1.80414e+06 1.66221e+06 1.53017e+06 1.40819e+06 1.28376e+06 1.15438e+06 1.03083e+06 913190 795314 683660 586848 502407 422758 345076 271826 207852 155118 112388 77801.2 50738.1 31243.7 18268.4 765.33 333909 405413 658804 888803 1.08998e+06 1.28231e+06 1.44373e+06 1.57151e+06 1.66084e+06 1.71192e+06 1.72859e+06 1.70676e+06 1.65533e+06 1.57697e+06 1.47262e+06 1.35677e+06 1.249e+06 1.14943e+06 1.04786e+06 942263 841413 745389 649173 558036 479013 410089 345076 281667 221878 169659 126614 91736.2 63505 41414.8 25502.6 14911.5 624.7 263029 319356 518959 700136 858606 1.01011e+06 1.13727e+06 1.23793e+06 1.30829e+06 1.34853e+06 1.36166e+06 1.34447e+06 1.30395e+06 1.24223e+06 1.16003e+06 1.06877e+06 983875 905444 825433 742249 662806 587166 511373 439582 377333 323039 271826 221878 174780 133646 99738 72263.4 50024.8 32623.7 20089.2 11746.3 492.095 201125 244195 396823 535360 656534 772383 869615 946581 1.00039e+06 1.03116e+06 1.0412e+06 1.02805e+06 997069 949870 887019 817236 752322 692349 631168 567562 506816 448977 391022 336127 288529 247012 207852 169659 133646 102192 76264.8 55256.3 38251.6 24945.8 15361.2 8981.8 376.282 150096 182240 296143 399532 489962 576418 648982 706420 746577 769538 777031 767219 744099 708875 661970 609892 561447 516691 471032 423564 378230 335065 291815 250847 215325 184342 155118 126614 99738 76264.8 56915.4 41237.1 28546.6 18616.7 11463.9 6703 280.814 108749 132038 214565 289473 354993 417634 470208 511824 540919 557555 562984 555875 539124 513603 479619 441886 406787 374359 341278 306885 274040 242766 211429 181747 156010 133562 112388 91736.2 72263.4 55256.3 41237.1 29877.6 20683 13488.4 8305.95 4856.54 203.459 75281.5 91404.1 148534 200390 245746 289110 325504 354314 374454 385971 389729 384808 373212 355545 332019 305899 281601 259153 236252 212444 189706 168056 146363 125815 107999 92459.1 77801.2 63505 50024.8 38251.6 28546.6 20683 14317.9 9337.45 5749.86 3361.98 140.846 49094.5 59609.1 96866.5 130684 160264 188543 212278 231066 244201 251711 254162 250953 243390 231869 216526 199492 183646 169006 154072 138545 123717 109598 95450.9 82050.5 70431.5 60297.2 50738.1 41414.8 32623.7 24945.8 18616.7 13488.4 9337.45 6089.42 3749.77 2192.52 91.853 30231.4 36706.3 59648.8 80473.2 98687.7 116102 130717 142287 150375 155000 156509 154533 149876 142781 133334 122844 113086 104072 94875 85313.9 76182.8 67488.7 58777.2 50525.4 43370.6 37130.1 31243.7 25502.6 20089.2 15361.2 11463.9 8305.95 5749.86 3749.77 2309.05 1350.12 56.5617 17676.4 21462.4 34877 47053.1 57703.3 67885.3 76431.1 83195.8 87925 90629.2 91511.7 90356.2 87633.3 83484.9 77960.9 71827.6 66122.3 60851.2 55474 49883.6 44544.5 39461 34367.4 29542.5 25359.1 21710.2 18268.4 14911.5 11746.3 8981.8 6703 4856.54 3361.98 2192.52 1350.12 789.422 33.072 740.453 899.11 1461.1 1971.21 2417.38 2843.94 3201.96 3485.35 3683.48 3796.77 3833.74 3785.34 3671.27 3497.48 3266.06 3009.12 2770.1 2549.28 2324.01 2089.8 1866.13 1653.17 1439.77 1237.64 1062.38 909.52 765.33 624.7 492.095 376.282 280.814 203.459 140.846 91.853 56.5617 33.072 1.38554 
