0.000310787 8.02925e-05 3.03952e-05 1.92839e-05 1.34354e-05 9.46294e-06 6.88096e-06 4.58434e-06 2.03599e-06 2.89001e-07 -1.03066e-06 -2.59495e-06 -4.01733e-06 -5.31667e-06 -6.67817e-06 -7.57074e-06 -8.04604e-06 -8.26939e-06 -9.46802e-06 -1.11087e-05 -1.17578e-05 -1.23063e-05 -1.33462e-05 -1.43191e-05 -1.52477e-05 -1.5898e-05 -1.71802e-05 -1.89445e-05 -2.04291e-05 -2.14712e-05 -2.31697e-05 -2.52919e-05 -2.75288e-05 -3.01082e-05 -3.22044e-05 -3.44596e-05 -3.88487e-05 8.02925e-05 2.07438e-05 7.85268e-06 4.98204e-06 3.47106e-06 2.44477e-06 1.77771e-06 1.18437e-06 5.26e-07 7.46617e-08 -2.66273e-07 -6.70414e-07 -1.03789e-06 -1.37358e-06 -1.72532e-06 -1.95592e-06 -2.07872e-06 -2.13642e-06 -2.44609e-06 -2.86996e-06 -3.03765e-06 -3.17936e-06 -3.44804e-06 -3.69937e-06 -3.93928e-06 -4.1073e-06 -4.43856e-06 -4.89437e-06 -5.27792e-06 -5.54715e-06 -5.98596e-06 -6.53423e-06 -7.11214e-06 -7.77853e-06 -8.3201e-06 -8.90272e-06 -1.00367e-05 3.03952e-05 7.85268e-06 2.97268e-06 1.88598e-06 1.31399e-06 9.25483e-07 6.72964e-07 4.48352e-07 1.99121e-07 2.82638e-08 -1.00799e-07 -2.53789e-07 -3.92899e-07 -5.19976e-07 -6.53132e-07 -7.40426e-07 -7.86911e-07 -8.08755e-07 -9.25982e-07 -1.08644e-06 -1.14992e-06 -1.20357e-06 -1.30528e-06 -1.40042e-06 -1.49124e-06 -1.55484e-06 -1.68024e-06 -1.85279e-06 -1.99799e-06 -2.09991e-06 -2.26602e-06 -2.47357e-06 -2.69234e-06 -2.94461e-06 -3.14963e-06 -3.37018e-06 -3.79945e-06 1.92839e-05 4.98204e-06 1.88598e-06 1.19654e-06 8.33649e-07 5.87162e-07 4.26954e-07 2.84452e-07 1.2633e-07 1.79316e-08 -6.3951e-08 -1.61014e-07 -2.4927e-07 -3.29892e-07 -4.14372e-07 -4.69754e-07 -4.99246e-07 -5.13105e-07 -5.87478e-07 -6.89281e-07 -7.29555e-07 -7.63588e-07 -8.28117e-07 -8.88479e-07 -9.461e-07 -9.86453e-07 -1.06601e-06 -1.17548e-06 -1.2676e-06 -1.33226e-06 -1.43765e-06 -1.56933e-06 -1.70813e-06 -1.86817e-06 -1.99824e-06 -2.13817e-06 -2.41051e-06 1.34354e-05 3.47106e-06 1.31399e-06 8.33649e-07 5.80816e-07 4.09085e-07 2.97465e-07 1.98182e-07 8.80158e-08 1.24933e-08 -4.45556e-08 -1.12181e-07 -1.7367e-07 -2.29841e-07 -2.88699e-07 -3.27285e-07 -3.47832e-07 -3.57488e-07 -4.09305e-07 -4.80232e-07 -5.08291e-07 -5.32003e-07 -5.76961e-07 -6.19016e-07 -6.59162e-07 -6.87276e-07 -7.42705e-07 -8.18975e-07 -8.83155e-07 -9.28206e-07 -1.00163e-06 -1.09337e-06 -1.19008e-06 -1.30158e-06 -1.3922e-06 -1.48969e-06 -1.67944e-06 9.46294e-06 2.44477e-06 9.25483e-07 5.87162e-07 4.09085e-07 2.88131e-07 2.09514e-07 1.39585e-07 6.19926e-08 8.7999e-09 -3.13816e-08 -7.90115e-08 -1.2232e-07 -1.61883e-07 -2.03339e-07 -2.30516e-07 -2.44988e-07 -2.51788e-07 -2.88285e-07 -3.38241e-07 -3.58004e-07 -3.74704e-07 -4.0637e-07 -4.3599e-07 -4.64266e-07 -4.84068e-07 -5.23108e-07 -5.76827e-07 -6.2203e-07 -6.53761e-07 -7.05478e-07 -7.70095e-07 -8.38204e-07 -9.16742e-07 -9.80569e-07 -1.04923e-06 -1.18288e-06 6.88096e-06 1.77771e-06 6.72964e-07 4.26954e-07 2.97465e-07 2.09514e-07 1.52348e-07 1.01499e-07 4.50779e-08 6.39893e-09 -2.2819e-08 -5.7453e-08 -8.8945e-08 -1.17713e-07 -1.47857e-07 -1.67619e-07 -1.78142e-07 -1.83087e-07 -2.09626e-07 -2.45952e-07 -2.60322e-07 -2.72466e-07 -2.95491e-07 -3.17029e-07 -3.3759e-07 -3.51989e-07 -3.80377e-07 -4.19438e-07 -4.52308e-07 -4.75381e-07 -5.12987e-07 -5.59973e-07 -6.09499e-07 -6.66607e-07 -7.13019e-07 -7.62948e-07 -8.60126e-07 4.58434e-06 1.18437e-06 4.48352e-07 2.84452e-07 1.98182e-07 1.39585e-07 1.01499e-07 6.76223e-08 3.00323e-08 4.26299e-09 -1.52029e-08 -3.82774e-08 -5.92585e-08 -7.84248e-08 -9.85079e-08 -1.11674e-07 -1.18685e-07 -1.2198e-07 -1.3966e-07 -1.63862e-07 -1.73436e-07 -1.81526e-07 -1.96867e-07 -2.11217e-07 -2.24915e-07 -2.34508e-07 -2.53421e-07 -2.79445e-07 -3.01344e-07 -3.16716e-07 -3.41771e-07 -3.73074e-07 -4.0607e-07 -4.44118e-07 -4.75039e-07 -5.08304e-07 -5.73047e-07 2.03599e-06 5.26e-07 1.99121e-07 1.2633e-07 8.80158e-08 6.19926e-08 4.50779e-08 3.00323e-08 1.33383e-08 1.89379e-09 -6.75168e-09 -1.69991e-08 -2.6317e-08 -3.48294e-08 -4.37485e-08 -4.95956e-08 -5.27094e-08 -5.41726e-08 -6.20249e-08 -7.27733e-08 -7.70254e-08 -8.06182e-08 -8.74307e-08 -9.38036e-08 -9.98876e-08 -1.04148e-07 -1.12547e-07 -1.24104e-07 -1.33829e-07 -1.40657e-07 -1.51785e-07 -1.65688e-07 -1.80341e-07 -1.97238e-07 -2.10971e-07 -2.25744e-07 -2.54497e-07 2.89001e-07 7.46617e-08 2.82638e-08 1.79316e-08 1.24933e-08 8.7999e-09 6.39893e-09 4.26299e-09 1.89379e-09 2.69366e-10 -9.58161e-10 -2.41235e-09 -3.73484e-09 -4.94341e-09 -6.20928e-09 -7.03908e-09 -7.48117e-09 -7.68882e-09 -8.8035e-09 -1.03293e-08 -1.09328e-08 -1.14425e-08 -1.2409e-08 -1.33136e-08 -1.41775e-08 -1.47824e-08 -1.59743e-08 -1.76139e-08 -1.89934e-08 -1.99631e-08 -2.15436e-08 -2.35173e-08 -2.55967e-08 -2.79948e-08 -2.99437e-08 -3.20401e-08 -3.61212e-08 -1.03066e-06 -2.66273e-07 -1.00799e-07 -6.3951e-08 -4.45556e-08 -3.13816e-08 -2.2819e-08 -1.52029e-08 -6.75168e-09 -9.58161e-10 3.41804e-09 8.60585e-09 1.33229e-08 1.76318e-08 2.21469e-08 2.5107e-08 2.66832e-08 2.74239e-08 3.13989e-08 3.68399e-08 3.89924e-08 4.08114e-08 4.42605e-08 4.74866e-08 5.05661e-08 5.27228e-08 5.6975e-08 6.28262e-08 6.77499e-08 7.12057e-08 7.6838e-08 8.38756e-08 9.12941e-08 9.98482e-08 1.068e-07 1.14279e-07 1.28835e-07 -2.59495e-06 -6.70414e-07 -2.53789e-07 -1.61014e-07 -1.12181e-07 -7.90115e-08 -5.7453e-08 -3.82774e-08 -1.69991e-08 -2.41235e-09 8.60585e-09 2.16676e-08 3.35441e-08 4.43928e-08 5.5761e-08 6.32138e-08 6.71823e-08 6.90472e-08 7.90552e-08 9.27543e-08 9.81738e-08 1.02754e-07 1.11438e-07 1.1956e-07 1.27314e-07 1.32744e-07 1.4345e-07 1.58182e-07 1.70579e-07 1.7928e-07 1.93461e-07 2.11179e-07 2.29858e-07 2.51395e-07 2.68898e-07 2.87728e-07 3.24377e-07 -4.01733e-06 -1.03789e-06 -3.92899e-07 -2.4927e-07 -1.7367e-07 -1.2232e-07 -8.8945e-08 -5.92585e-08 -2.6317e-08 -3.73484e-09 1.33229e-08 3.35441e-08 5.19305e-08 6.87257e-08 8.63251e-08 9.7863e-08 1.04007e-07 1.06894e-07 1.22388e-07 1.43596e-07 1.51986e-07 1.59076e-07 1.7252e-07 1.85095e-07 1.97098e-07 2.05505e-07 2.22079e-07 2.44886e-07 2.64078e-07 2.77548e-07 2.99502e-07 3.26933e-07 3.55849e-07 3.89192e-07 4.16289e-07 4.45441e-07 5.02177e-07 -5.31667e-06 -1.37358e-06 -5.19976e-07 -3.29892e-07 -2.29841e-07 -1.61883e-07 -1.17713e-07 -7.84248e-08 -3.48294e-08 -4.94341e-09 1.76318e-08 4.43928e-08 6.87257e-08 9.09534e-08 1.14245e-07 1.29514e-07 1.37645e-07 1.41466e-07 1.61971e-07 1.90039e-07 2.01142e-07 2.10526e-07 2.28317e-07 2.44959e-07 2.60846e-07 2.71971e-07 2.93906e-07 3.24088e-07 3.49486e-07 3.67313e-07 3.96369e-07 4.32673e-07 4.70941e-07 5.15067e-07 5.50928e-07 5.89507e-07 6.64594e-07 -6.67817e-06 -1.72532e-06 -6.53132e-07 -4.14372e-07 -2.88699e-07 -2.03339e-07 -1.47857e-07 -9.85079e-08 -4.37485e-08 -6.20928e-09 2.21469e-08 5.5761e-08 8.63251e-08 1.14245e-07 1.43501e-07 1.62681e-07 1.72894e-07 1.77693e-07 2.03449e-07 2.38704e-07 2.52651e-07 2.64438e-07 2.86785e-07 3.07689e-07 3.27643e-07 3.41617e-07 3.69169e-07 4.07081e-07 4.38983e-07 4.61376e-07 4.97872e-07 5.43473e-07 5.9154e-07 6.46966e-07 6.92011e-07 7.40469e-07 8.34784e-07 -7.57074e-06 -1.95592e-06 -7.40426e-07 -4.69754e-07 -3.27285e-07 -2.30516e-07 -1.67619e-07 -1.11674e-07 -4.95956e-08 -7.03908e-09 2.5107e-08 6.32138e-08 9.7863e-08 1.29514e-07 1.62681e-07 1.84424e-07 1.96002e-07 2.01443e-07 2.30641e-07 2.70608e-07 2.86419e-07 2.99781e-07 3.25116e-07 3.48813e-07 3.71434e-07 3.87276e-07 4.18511e-07 4.6149e-07 4.97656e-07 5.23041e-07 5.64415e-07 6.1611e-07 6.70602e-07 7.33436e-07 7.84501e-07 8.39437e-07 9.46357e-07 -8.04604e-06 -2.07872e-06 -7.86911e-07 -4.99246e-07 -3.47832e-07 -2.44988e-07 -1.78142e-07 -1.18685e-07 -5.27094e-08 -7.48117e-09 2.66832e-08 6.71823e-08 1.04007e-07 1.37645e-07 1.72894e-07 1.96002e-07 2.08307e-07 2.14089e-07 2.45121e-07 2.87597e-07 3.04401e-07 3.18601e-07 3.45527e-07 3.70712e-07 3.94753e-07 4.1159e-07 4.44785e-07 4.90462e-07 5.28899e-07 5.55878e-07 5.9985e-07 6.5479e-07 7.12703e-07 7.79482e-07 8.33753e-07 8.92137e-07 1.00577e-06 -8.26939e-06 -2.13642e-06 -8.08755e-07 -5.13105e-07 -3.57488e-07 -2.51788e-07 -1.83087e-07 -1.2198e-07 -5.41726e-08 -7.68882e-09 2.74239e-08 6.90472e-08 1.06894e-07 1.41466e-07 1.77693e-07 2.01443e-07 2.14089e-07 2.20032e-07 2.51925e-07 2.95581e-07 3.12851e-07 3.27446e-07 3.55118e-07 3.81002e-07 4.05711e-07 4.23015e-07 4.57132e-07 5.04077e-07 5.43581e-07 5.71308e-07 6.16501e-07 6.72967e-07 7.32487e-07 8.0112e-07 8.56897e-07 9.16902e-07 1.03369e-06 -9.46802e-06 -2.44609e-06 -9.25982e-07 -5.87478e-07 -4.09305e-07 -2.88285e-07 -2.09626e-07 -1.3966e-07 -6.20249e-08 -8.8035e-09 3.13989e-08 7.90552e-08 1.22388e-07 1.61971e-07 2.03449e-07 2.30641e-07 2.45121e-07 2.51925e-07 2.88441e-07 3.38424e-07 3.58198e-07 3.74908e-07 4.06591e-07 4.36227e-07 4.64518e-07 4.8433e-07 5.23392e-07 5.77141e-07 6.2237e-07 6.54117e-07 7.05861e-07 7.70511e-07 8.38659e-07 9.17239e-07 9.81102e-07 1.0498e-06 1.18352e-06 -1.11087e-05 -2.86996e-06 -1.08644e-06 -6.89281e-07 -4.80232e-07 -3.38241e-07 -2.45952e-07 -1.63862e-07 -7.27733e-08 -1.03293e-08 3.68399e-08 9.27543e-08 1.43596e-07 1.90039e-07 2.38704e-07 2.70608e-07 2.87597e-07 2.95581e-07 3.38424e-07 3.97069e-07 4.20269e-07 4.39874e-07 4.77048e-07 5.1182e-07 5.45013e-07 5.68258e-07 6.14089e-07 6.77152e-07 7.30218e-07 7.67467e-07 8.28177e-07 9.04031e-07 9.83988e-07 1.07618e-06 1.15111e-06 1.23172e-06 1.38861e-06 -1.17578e-05 -3.03765e-06 -1.14992e-06 -7.29555e-07 -5.08291e-07 -3.58004e-07 -2.60322e-07 -1.73436e-07 -7.70254e-08 -1.09328e-08 3.89924e-08 9.81738e-08 1.51986e-07 2.01142e-07 2.52651e-07 2.86419e-07 3.04401e-07 3.12851e-07 3.58198e-07 4.20269e-07 4.44825e-07 4.65576e-07 5.04921e-07 5.41725e-07 5.76857e-07 6.01461e-07 6.49969e-07 7.16717e-07 7.72884e-07 8.12309e-07 8.76567e-07 9.56852e-07 1.04148e-06 1.13906e-06 1.21837e-06 1.30369e-06 1.46974e-06 -1.23063e-05 -3.17936e-06 -1.20357e-06 -7.63588e-07 -5.32003e-07 -3.74704e-07 -2.72466e-07 -1.81526e-07 -8.06182e-08 -1.14425e-08 4.08114e-08 1.02754e-07 1.59076e-07 2.10526e-07 2.64438e-07 2.99781e-07 3.18601e-07 3.27446e-07 3.74908e-07 4.39874e-07 4.65576e-07 4.87295e-07 5.28476e-07 5.66996e-07 6.03767e-07 6.29519e-07 6.8029e-07 7.50152e-07 8.0894e-07 8.50204e-07 9.17458e-07 1.00149e-06 1.09007e-06 1.1922e-06 1.27521e-06 1.36451e-06 1.53831e-06 -1.33462e-05 -3.44804e-06 -1.30528e-06 -8.28117e-07 -5.76961e-07 -4.0637e-07 -2.95491e-07 -1.96867e-07 -8.74307e-08 -1.2409e-08 4.42605e-08 1.11438e-07 1.7252e-07 2.28317e-07 2.86785e-07 3.25116e-07 3.45527e-07 3.55118e-07 4.06591e-07 4.77048e-07 5.04921e-07 5.28476e-07 5.73138e-07 6.14913e-07 6.54792e-07 6.82719e-07 7.37782e-07 8.13549e-07 8.77305e-07 9.22055e-07 9.94993e-07 1.08612e-06 1.18219e-06 1.29296e-06 1.38298e-06 1.47982e-06 1.66831e-06 -1.43191e-05 -3.69937e-06 -1.40042e-06 -8.88479e-07 -6.19016e-07 -4.3599e-07 -3.17029e-07 -2.11217e-07 -9.38036e-08 -1.33136e-08 4.74866e-08 1.1956e-07 1.85095e-07 2.44959e-07 3.07689e-07 3.48813e-07 3.70712e-07 3.81002e-07 4.36227e-07 5.1182e-07 5.41725e-07 5.66996e-07 6.14913e-07 6.59734e-07 7.02519e-07 7.32482e-07 7.91558e-07 8.72847e-07 9.41251e-07 9.89263e-07 1.06752e-06 1.16529e-06 1.26836e-06 1.3872e-06 1.48378e-06 1.58768e-06 1.78991e-06 -1.52477e-05 -3.93928e-06 -1.49124e-06 -9.461e-07 -6.59162e-07 -4.64266e-07 -3.3759e-07 -2.24915e-07 -9.98876e-08 -1.41775e-08 5.05661e-08 1.27314e-07 1.97098e-07 2.60846e-07 3.27643e-07 3.71434e-07 3.94753e-07 4.05711e-07 4.64518e-07 5.45013e-07 5.76857e-07 6.03767e-07 6.54792e-07 7.02519e-07 7.48079e-07 7.79986e-07 8.42893e-07 9.29453e-07 1.00229e-06 1.05342e-06 1.13675e-06 1.24086e-06 1.35061e-06 1.47716e-06 1.58001e-06 1.69065e-06 1.90599e-06 -1.5898e-05 -4.1073e-06 -1.55484e-06 -9.86453e-07 -6.87276e-07 -4.84068e-07 -3.51989e-07 -2.34508e-07 -1.04148e-07 -1.47824e-08 5.27228e-08 1.32744e-07 2.05505e-07 2.71971e-07 3.41617e-07 3.87276e-07 4.1159e-07 4.23015e-07 4.8433e-07 5.68258e-07 6.01461e-07 6.29519e-07 6.82719e-07 7.32482e-07 7.79986e-07 8.13253e-07 8.78843e-07 9.69095e-07 1.04504e-06 1.09835e-06 1.18523e-06 1.29379e-06 1.40822e-06 1.54016e-06 1.6474e-06 1.76276e-06 1.98728e-06 -1.71802e-05 -4.43856e-06 -1.68024e-06 -1.06601e-06 -7.42705e-07 -5.23108e-07 -3.80377e-07 -2.53421e-07 -1.12547e-07 -1.59743e-08 5.6975e-08 1.4345e-07 2.22079e-07 2.93906e-07 3.69169e-07 4.18511e-07 4.44785e-07 4.57132e-07 5.23392e-07 6.14089e-07 6.49969e-07 6.8029e-07 7.37782e-07 7.91558e-07 8.42893e-07 8.78843e-07 9.49723e-07 1.04725e-06 1.12933e-06 1.18693e-06 1.28082e-06 1.39813e-06 1.52179e-06 1.66438e-06 1.78026e-06 1.90493e-06 2.14756e-06 -1.89445e-05 -4.89437e-06 -1.85279e-06 -1.17548e-06 -8.18975e-07 -5.76827e-07 -4.19438e-07 -2.79445e-07 -1.24104e-07 -1.76139e-08 6.28262e-08 1.58182e-07 2.44886e-07 3.24088e-07 4.07081e-07 4.6149e-07 4.90462e-07 5.04077e-07 5.77141e-07 6.77152e-07 7.16717e-07 7.50152e-07 8.13549e-07 8.72847e-07 9.29453e-07 9.69095e-07 1.04725e-06 1.1548e-06 1.2453e-06 1.30882e-06 1.41236e-06 1.54171e-06 1.67807e-06 1.8353e-06 1.96309e-06 2.10055e-06 2.3681e-06 -2.04291e-05 -5.27792e-06 -1.99799e-06 -1.2676e-06 -8.83155e-07 -6.2203e-07 -4.52308e-07 -3.01344e-07 -1.33829e-07 -1.89934e-08 6.77499e-08 1.70579e-07 2.64078e-07 3.49486e-07 4.38983e-07 4.97656e-07 5.28899e-07 5.43581e-07 6.2237e-07 7.30218e-07 7.72884e-07 8.0894e-07 8.77305e-07 9.41251e-07 1.00229e-06 1.04504e-06 1.12933e-06 1.2453e-06 1.3429e-06 1.41139e-06 1.52304e-06 1.66253e-06 1.80958e-06 1.97913e-06 2.11693e-06 2.26517e-06 2.55369e-06 -2.14712e-05 -5.54715e-06 -2.09991e-06 -1.33226e-06 -9.28206e-07 -6.53761e-07 -4.75381e-07 -3.16716e-07 -1.40657e-07 -1.99631e-08 7.12057e-08 1.7928e-07 2.77548e-07 3.67313e-07 4.61376e-07 5.23041e-07 5.55878e-07 5.71308e-07 6.54117e-07 7.67467e-07 8.12309e-07 8.50204e-07 9.22055e-07 9.89263e-07 1.05342e-06 1.09835e-06 1.18693e-06 1.30882e-06 1.41139e-06 1.48339e-06 1.60073e-06 1.74734e-06 1.90188e-06 2.08009e-06 2.22491e-06 2.38071e-06 2.68395e-06 -2.31697e-05 -5.98596e-06 -2.26602e-06 -1.43765e-06 -1.00163e-06 -7.05478e-07 -5.12987e-07 -3.41771e-07 -1.51785e-07 -2.15436e-08 7.6838e-08 1.93461e-07 2.99502e-07 3.96369e-07 4.97872e-07 5.64415e-07 5.9985e-07 6.16501e-07 7.05861e-07 8.28177e-07 8.76567e-07 9.17458e-07 9.94993e-07 1.06752e-06 1.13675e-06 1.18523e-06 1.28082e-06 1.41236e-06 1.52304e-06 1.60073e-06 1.72735e-06 1.88556e-06 2.05233e-06 2.24463e-06 2.40091e-06 2.56904e-06 2.89626e-06 -2.52919e-05 -6.53423e-06 -2.47357e-06 -1.56933e-06 -1.09337e-06 -7.70095e-07 -5.59973e-07 -3.73074e-07 -1.65688e-07 -2.35173e-08 8.38756e-08 2.11179e-07 3.26933e-07 4.32673e-07 5.43473e-07 6.1611e-07 6.5479e-07 6.72967e-07 7.70511e-07 9.04031e-07 9.56852e-07 1.00149e-06 1.08612e-06 1.16529e-06 1.24086e-06 1.29379e-06 1.39813e-06 1.54171e-06 1.66253e-06 1.74734e-06 1.88556e-06 2.05826e-06 2.24031e-06 2.45022e-06 2.62081e-06 2.80434e-06 3.16153e-06 -2.75288e-05 -7.11214e-06 -2.69234e-06 -1.70813e-06 -1.19008e-06 -8.38204e-07 -6.09499e-07 -4.0607e-07 -1.80341e-07 -2.55967e-08 9.12941e-08 2.29858e-07 3.55849e-07 4.70941e-07 5.9154e-07 6.70602e-07 7.12703e-07 7.32487e-07 8.38659e-07 9.83988e-07 1.04148e-06 1.09007e-06 1.18219e-06 1.26836e-06 1.35061e-06 1.40822e-06 1.52179e-06 1.67807e-06 1.80958e-06 1.90188e-06 2.05233e-06 2.24031e-06 2.43845e-06 2.66693e-06 2.85261e-06 3.05237e-06 3.44115e-06 -3.01082e-05 -7.77853e-06 -2.94461e-06 -1.86817e-06 -1.30158e-06 -9.16742e-07 -6.66607e-07 -4.44118e-07 -1.97238e-07 -2.79948e-08 9.98482e-08 2.51395e-07 3.89192e-07 5.15067e-07 6.46966e-07 7.33436e-07 7.79482e-07 8.0112e-07 9.17239e-07 1.07618e-06 1.13906e-06 1.1922e-06 1.29296e-06 1.3872e-06 1.47716e-06 1.54016e-06 1.66438e-06 1.8353e-06 1.97913e-06 2.08009e-06 2.24463e-06 2.45022e-06 2.66693e-06 2.91681e-06 3.11989e-06 3.33837e-06 3.76358e-06 -3.22044e-05 -8.3201e-06 -3.14963e-06 -1.99824e-06 -1.3922e-06 -9.80569e-07 -7.13019e-07 -4.75039e-07 -2.10971e-07 -2.99437e-08 1.068e-07 2.68898e-07 4.16289e-07 5.50928e-07 6.92011e-07 7.84501e-07 8.33753e-07 8.56897e-07 9.81102e-07 1.15111e-06 1.21837e-06 1.27521e-06 1.38298e-06 1.48378e-06 1.58001e-06 1.6474e-06 1.78026e-06 1.96309e-06 2.11693e-06 2.22491e-06 2.40091e-06 2.62081e-06 2.85261e-06 3.11989e-06 3.33711e-06 3.5708e-06 4.02561e-06 -3.44596e-05 -8.90272e-06 -3.37018e-06 -2.13817e-06 -1.48969e-06 -1.04923e-06 -7.62948e-07 -5.08304e-07 -2.25744e-07 -3.20401e-08 1.14279e-07 2.87728e-07 4.45441e-07 5.89507e-07 7.40469e-07 8.39437e-07 8.92137e-07 9.16902e-07 1.0498e-06 1.23172e-06 1.30369e-06 1.36451e-06 1.47982e-06 1.58768e-06 1.69065e-06 1.76276e-06 1.90493e-06 2.10055e-06 2.26517e-06 2.38071e-06 2.56904e-06 2.80434e-06 3.05237e-06 3.33837e-06 3.5708e-06 3.82085e-06 4.30751e-06 -3.88487e-05 -1.00367e-05 -3.79945e-06 -2.41051e-06 -1.67944e-06 -1.18288e-06 -8.60126e-07 -5.73047e-07 -2.54497e-07 -3.61212e-08 1.28835e-07 3.24377e-07 5.02177e-07 6.64594e-07 8.34784e-07 9.46357e-07 1.00577e-06 1.03369e-06 1.18352e-06 1.38861e-06 1.46974e-06 1.53831e-06 1.66831e-06 1.78991e-06 1.90599e-06 1.98728e-06 2.14756e-06 2.3681e-06 2.55369e-06 2.68395e-06 2.89626e-06 3.16153e-06 3.44115e-06 3.76358e-06 4.02561e-06 4.30751e-06 4.85617e-06 
