393869 478409 776507 1.04728e+06 1.28519e+06 1.51256e+06 1.70221e+06 1.85245e+06 1.95744e+06 2.0172e+06 2.03702e+06 2.01114e+06 1.95184e+06 1.85946e+06 1.73527e+06 1.59861e+06 1.47133e+06 1.35335e+06 1.23322e+06 1.10838e+06 988490 874817 762275 655841 563197 482376 405906 331335 261116 199868 149184 107959 74585.9 48469.9 29792.3 17391.2 718.284 478409 581118 943215 1.2721e+06 1.56107e+06 1.8372e+06 2.06753e+06 2.24998e+06 2.37748e+06 2.45006e+06 2.47412e+06 2.44268e+06 2.37063e+06 2.25843e+06 2.1076e+06 1.94162e+06 1.78702e+06 1.64373e+06 1.49782e+06 1.34619e+06 1.20058e+06 1.06252e+06 925825 796554 684030 585864 492987 402417 317132 242745 181187 131117 90584.8 58866.7 36182.8 21121.8 872.21 776507 943215 1.53096e+06 2.06477e+06 2.53378e+06 2.98197e+06 3.35581e+06 3.65194e+06 3.8589e+06 3.9767e+06 4.01577e+06 3.96473e+06 3.8478e+06 3.66568e+06 3.42087e+06 3.15146e+06 2.90053e+06 2.66794e+06 2.43111e+06 2.185e+06 1.94866e+06 1.72458e+06 1.50271e+06 1.29289e+06 1.11025e+06 950911 800166 653168 514744 394005 294087 212820 147031 95548.2 58729.4 34283.3 1415.72 1.04728e+06 1.2721e+06 2.06477e+06 2.78476e+06 3.41733e+06 4.02181e+06 4.52604e+06 4.92546e+06 5.20462e+06 5.3635e+06 5.41618e+06 5.34734e+06 5.18964e+06 4.94402e+06 4.61382e+06 4.25047e+06 3.91205e+06 3.59835e+06 3.27892e+06 2.94698e+06 2.62822e+06 2.32599e+06 2.02675e+06 1.74376e+06 1.49743e+06 1.28253e+06 1.07921e+06 880945 694244 531399 396640 287034 198303 128868 79209.6 46238.7 1909.46 1.28519e+06 1.56107e+06 2.53378e+06 3.41733e+06 4.19369e+06 4.93554e+06 5.55433e+06 6.04452e+06 6.38713e+06 6.58212e+06 6.64678e+06 6.56232e+06 6.36881e+06 6.06737e+06 5.66211e+06 5.21619e+06 4.80088e+06 4.4159e+06 4.0239e+06 3.61654e+06 3.22536e+06 2.85446e+06 2.48723e+06 2.13995e+06 1.83766e+06 1.57394e+06 1.32443e+06 1.08111e+06 851987 652139 486758 352249 243359 158149 97207.2 56744.7 2343.39 1.51256e+06 1.8372e+06 2.98197e+06 4.02181e+06 4.93554e+06 5.80875e+06 6.53708e+06 7.11402e+06 7.51726e+06 7.74677e+06 7.82291e+06 7.72356e+06 7.49584e+06 7.14105e+06 6.66408e+06 6.13926e+06 5.65046e+06 5.19736e+06 4.73598e+06 4.25653e+06 3.79612e+06 3.35958e+06 2.92739e+06 2.51864e+06 2.16286e+06 1.85249e+06 1.55881e+06 1.27243e+06 1.00276e+06 767546 572902 414591 286430 186139 114411 66787.2 2758.3 1.70221e+06 2.06753e+06 3.35581e+06 4.52604e+06 5.55433e+06 6.53708e+06 7.35689e+06 8.00624e+06 8.46003e+06 8.71831e+06 8.804e+06 8.69221e+06 8.43595e+06 8.03667e+06 7.4999e+06 6.90927e+06 6.35916e+06 5.84924e+06 5.32999e+06 4.7904e+06 4.27224e+06 3.78095e+06 3.29456e+06 2.83454e+06 2.43413e+06 2.08483e+06 1.75433e+06 1.43203e+06 1.12853e+06 863813 644762 466597 322361 209489 128764 75165.4 3104.59 1.85245e+06 2.24998e+06 3.65194e+06 4.92546e+06 6.04452e+06 7.11402e+06 8.00624e+06 8.71305e+06 9.20698e+06 9.48801e+06 9.58125e+06 9.45962e+06 9.18076e+06 8.74622e+06 8.16203e+06 7.51924e+06 6.92057e+06 6.36563e+06 5.80053e+06 5.21331e+06 4.6494e+06 4.11474e+06 3.58543e+06 3.08479e+06 2.64903e+06 2.26888e+06 1.90921e+06 1.55845e+06 1.22816e+06 940067 701681 507788 350818 227981 140128 81797.5 3378.25 1.95744e+06 2.37748e+06 3.8589e+06 5.20462e+06 6.38713e+06 7.51726e+06 8.46003e+06 9.20698e+06 9.72906e+06 1.0026e+07 1.01245e+07 9.99596e+06 9.7013e+06 9.2421e+06 8.62476e+06 7.94553e+06 7.31292e+06 6.72655e+06 6.12944e+06 5.50892e+06 4.91303e+06 4.34805e+06 3.78873e+06 3.25972e+06 2.79925e+06 2.39755e+06 2.01748e+06 1.64684e+06 1.29781e+06 993380 741480 536591 370718 240913 148077 86439.1 3570.43 2.0172e+06 2.45006e+06 3.9767e+06 5.3635e+06 6.58212e+06 7.74677e+06 8.71831e+06 9.48801e+06 1.0026e+07 1.03322e+07 1.04337e+07 1.03012e+07 9.99749e+06 9.52426e+06 8.88812e+06 8.18817e+06 7.53625e+06 6.932e+06 6.31667e+06 5.67718e+06 5.06305e+06 4.48078e+06 3.90439e+06 3.35924e+06 2.88472e+06 2.47076e+06 2.07908e+06 1.69712e+06 1.33744e+06 1.02372e+06 764132 552987 382046 248274 152602 89080.1 3679.56 2.03702e+06 2.47412e+06 4.01577e+06 5.41618e+06 6.64678e+06 7.82291e+06 8.804e+06 9.58125e+06 1.01245e+07 1.04337e+07 1.05364e+07 1.04026e+07 1.00958e+07 9.61796e+06 8.97557e+06 8.26874e+06 7.61041e+06 7.00018e+06 6.37877e+06 5.733e+06 5.11282e+06 4.52483e+06 3.94278e+06 3.39226e+06 2.91308e+06 2.49505e+06 2.09952e+06 1.71381e+06 1.3506e+06 1.03379e+06 771645 558424 385801 250713 154099 89953.1 3715.35 2.01114e+06 2.44268e+06 3.96473e+06 5.34734e+06 6.56232e+06 7.72356e+06 8.69221e+06 9.45962e+06 9.99596e+06 1.03012e+07 1.04026e+07 1.02706e+07 9.96779e+06 9.49595e+06 8.86167e+06 8.16381e+06 7.51384e+06 6.91136e+06 6.29782e+06 5.66024e+06 5.04795e+06 4.46744e+06 3.89279e+06 3.34927e+06 2.87616e+06 2.46344e+06 2.07292e+06 1.69209e+06 1.33349e+06 1.02069e+06 761863 551346 380913 247538 152147 88813.6 3668.5 1.95184e+06 2.37063e+06 3.8478e+06 5.18964e+06 6.36881e+06 7.49584e+06 8.43595e+06 9.18076e+06 9.7013e+06 9.99749e+06 1.00958e+07 9.96779e+06 9.67405e+06 9.21613e+06 8.60047e+06 7.92315e+06 7.29236e+06 6.70764e+06 6.11218e+06 5.4934e+06 4.89917e+06 4.33579e+06 3.7781e+06 3.25059e+06 2.79143e+06 2.39086e+06 2.01184e+06 1.64224e+06 1.2942e+06 990617 739415 535100 369690 240244 147665 86197.8 3560.78 1.85946e+06 2.25843e+06 3.66568e+06 4.94402e+06 6.06737e+06 7.14105e+06 8.03667e+06 8.74622e+06 9.2421e+06 9.52426e+06 9.61796e+06 9.49595e+06 9.21613e+06 8.78e+06 8.19353e+06 7.54824e+06 6.94725e+06 6.39018e+06 5.82289e+06 5.23341e+06 4.66729e+06 4.13055e+06 3.59924e+06 3.0967e+06 2.65927e+06 2.27767e+06 1.9166e+06 1.56449e+06 1.23294e+06 943721 704408 509763 352183 228867 140672 82115.3 3391.94 1.73527e+06 2.1076e+06 3.42087e+06 4.61382e+06 5.66211e+06 6.66408e+06 7.4999e+06 8.16203e+06 8.62476e+06 8.88812e+06 8.97557e+06 8.86167e+06 8.60047e+06 8.19353e+06 7.64641e+06 7.04425e+06 6.48334e+06 5.96343e+06 5.43403e+06 4.88392e+06 4.3556e+06 3.85469e+06 3.35884e+06 2.88986e+06 2.48165e+06 2.12553e+06 1.78859e+06 1.46001e+06 1.1506e+06 880704 657373 475723 328664 213585 131280 76633 3165.56 1.59861e+06 1.94162e+06 3.15146e+06 4.25047e+06 5.21619e+06 6.13926e+06 6.90927e+06 7.51924e+06 7.94553e+06 8.18817e+06 8.26874e+06 8.16381e+06 7.92315e+06 7.54824e+06 7.04425e+06 6.48962e+06 5.97292e+06 5.4939e+06 5.00614e+06 4.49935e+06 4.01265e+06 3.55121e+06 3.09441e+06 2.66234e+06 2.28627e+06 1.9582e+06 1.64778e+06 1.34507e+06 1.06003e+06 811379 605632 438283 302799 196777 120949 70603.4 2916.89 1.47133e+06 1.78702e+06 2.90053e+06 3.91205e+06 4.80088e+06 5.65046e+06 6.35916e+06 6.92057e+06 7.31292e+06 7.53625e+06 7.61041e+06 7.51384e+06 7.29236e+06 6.94725e+06 6.48334e+06 5.97292e+06 5.4975e+06 5.05664e+06 4.60766e+06 4.1412e+06 3.69326e+06 3.26856e+06 2.84812e+06 2.45044e+06 2.10431e+06 1.80236e+06 1.51665e+06 1.23802e+06 975662 746812 557446 403418 278713 181124 111328 64987.9 2685.33 1.35335e+06 1.64373e+06 2.66794e+06 3.59835e+06 4.4159e+06 5.19736e+06 5.84924e+06 6.36563e+06 6.72655e+06 6.932e+06 7.00018e+06 6.91136e+06 6.70764e+06 6.39018e+06 5.96343e+06 5.4939e+06 5.05664e+06 4.65124e+06 4.2383e+06 3.80922e+06 3.39717e+06 3.00649e+06 2.61977e+06 2.25398e+06 1.93561e+06 1.65787e+06 1.39506e+06 1.13877e+06 897438 686938 512761 371084 256377 166610 102408 59781.9 2470.66 1.23322e+06 1.49782e+06 2.43111e+06 3.27892e+06 4.0239e+06 4.73598e+06 5.32999e+06 5.80053e+06 6.12944e+06 6.31667e+06 6.37877e+06 6.29782e+06 6.11218e+06 5.82289e+06 5.43403e+06 5.00614e+06 4.60766e+06 4.2383e+06 3.86209e+06 3.47113e+06 3.09562e+06 2.73961e+06 2.3872e+06 2.05389e+06 1.76379e+06 1.5107e+06 1.27122e+06 1.03769e+06 817774 625959 467246 338146 233622 151824 93321.9 54478.8 2251.88 1.10838e+06 1.34619e+06 2.185e+06 2.94698e+06 3.61654e+06 4.25653e+06 4.7904e+06 5.21331e+06 5.50892e+06 5.67718e+06 5.733e+06 5.66024e+06 5.4934e+06 5.23341e+06 4.88392e+06 4.49935e+06 4.1412e+06 3.80922e+06 3.47113e+06 3.1198e+06 2.78234e+06 2.46236e+06 2.14561e+06 1.84602e+06 1.58528e+06 1.35782e+06 1.14259e+06 932693 735042 562638 419981 303939 209989 136467 83884.5 48971.6 2025.06 988490 1.20058e+06 1.94866e+06 2.62822e+06 3.22536e+06 3.79612e+06 4.27224e+06 4.6494e+06 4.91303e+06 5.06305e+06 5.11282e+06 5.04795e+06 4.89917e+06 4.66729e+06 4.3556e+06 4.01265e+06 3.69326e+06 3.39717e+06 3.09562e+06 2.78234e+06 2.48145e+06 2.19611e+06 1.91361e+06 1.6464e+06 1.41385e+06 1.21099e+06 1.01904e+06 831855 655581 501815 374578 271079 187287 121714 74816.7 43678.6 1806.58 874817 1.06252e+06 1.72458e+06 2.32599e+06 2.85446e+06 3.35958e+06 3.78095e+06 4.11474e+06 4.34805e+06 4.48078e+06 4.52483e+06 4.46744e+06 4.33579e+06 4.13055e+06 3.85469e+06 3.55121e+06 3.26856e+06 3.00649e+06 2.73961e+06 2.46236e+06 2.19611e+06 1.94363e+06 1.69362e+06 1.45711e+06 1.25128e+06 1.07174e+06 901872 736213 580209 444120 331510 239911 165754 107720 66214.4 38656.2 1598.86 762275 925825 1.50271e+06 2.02675e+06 2.48723e+06 2.92739e+06 3.29456e+06 3.58543e+06 3.78873e+06 3.90439e+06 3.94278e+06 3.89279e+06 3.7781e+06 3.59924e+06 3.35884e+06 3.09441e+06 2.84812e+06 2.61977e+06 2.3872e+06 2.14561e+06 1.91361e+06 1.69362e+06 1.47581e+06 1.26973e+06 1.09037e+06 933909 785876 641521 505583 387001 288875 209058 144438 93868 57699.8 33685.5 1393.45 655841 796554 1.29289e+06 1.74376e+06 2.13995e+06 2.51864e+06 2.83454e+06 3.08479e+06 3.25972e+06 3.35924e+06 3.39226e+06 3.34927e+06 3.25059e+06 3.0967e+06 2.88986e+06 2.66234e+06 2.45044e+06 2.25398e+06 2.05389e+06 1.84602e+06 1.6464e+06 1.45711e+06 1.26973e+06 1.09247e+06 938160 803535 676157 551951 434992 332970 248546 179874 124278 80768.7 49648.9 28986.1 1199.4 563197 684030 1.11025e+06 1.49743e+06 1.83766e+06 2.16286e+06 2.43413e+06 2.64903e+06 2.79925e+06 2.88472e+06 2.91308e+06 2.87616e+06 2.79143e+06 2.65927e+06 2.48165e+06 2.28627e+06 2.10431e+06 1.93561e+06 1.76379e+06 1.58528e+06 1.41385e+06 1.25128e+06 1.09037e+06 938160 805675 690072 580677 474005 373565 285954 213453 154479 106733 69367.6 42641.7 24896.2 1030.57 482376 585864 950911 1.28253e+06 1.57394e+06 1.85249e+06 2.08483e+06 2.26888e+06 2.39755e+06 2.47076e+06 2.49505e+06 2.46344e+06 2.39086e+06 2.27767e+06 2.12553e+06 1.9582e+06 1.80236e+06 1.65787e+06 1.5107e+06 1.35782e+06 1.21099e+06 1.07174e+06 933909 803535 690072 591075 497383 406014 319981 244937 182837 132322 91424.2 59418.5 36526.5 21326.6 883.088 405906 492987 800166 1.07921e+06 1.32443e+06 1.55881e+06 1.75433e+06 1.90921e+06 2.01748e+06 2.07908e+06 2.09952e+06 2.07292e+06 2.01184e+06 1.9166e+06 1.78859e+06 1.64778e+06 1.51665e+06 1.39506e+06 1.27122e+06 1.14259e+06 1.01904e+06 901872 785876 676157 580677 497383 418557 341679 269280 206123 153862 111353 76936.9 50003.2 30738.9 17947.7 743.379 331335 402417 653168 880945 1.08111e+06 1.27243e+06 1.43203e+06 1.55845e+06 1.64684e+06 1.69712e+06 1.71381e+06 1.69209e+06 1.64224e+06 1.56449e+06 1.46001e+06 1.34507e+06 1.23802e+06 1.13877e+06 1.03769e+06 932693 831855 736213 641521 551951 474005 406014 341679 278939 219842 168280 125611 90905.5 62808.9 40821.4 25095.1 14652.9 607.173 261116 317132 514744 694244 851987 1.00276e+06 1.12853e+06 1.22816e+06 1.29781e+06 1.33744e+06 1.3506e+06 1.33349e+06 1.2942e+06 1.23294e+06 1.1506e+06 1.06003e+06 975662 897438 817774 735042 655581 580209 505583 434992 373565 319981 269280 219842 173276 132641 99008.1 71649.1 49502.4 32173.1 19779 11549.4 478.748 199868 242745 394005 531399 652139 767546 863813 940067 993380 1.02372e+06 1.03379e+06 1.02069e+06 990617 943721 880704 811379 746812 686938 625959 562638 501815 444120 387001 332970 285954 244937 206123 168280 132641 101543 75797.6 54850.7 37895.2 24629.2 15142 8842.36 366.702 149184 181187 294087 396640 486758 572902 644762 701681 741480 764132 771645 761863 739415 704408 657373 605632 557446 512761 467246 419981 374578 331510 288875 248546 213453 182837 153862 125611 99008.1 75797.6 56584 40949 28291.6 18387.8 11305 6602.01 273.947 107959 131117 212820 287034 352249 414591 466597 507788 536591 552987 558424 551346 535100 509763 475723 438283 403418 371084 338146 303939 271079 239911 209058 179874 154479 132322 111353 90905.5 71649.1 54850.7 40949 29637.9 20478.8 13310.7 8183.65 4779.27 198.436 74585.9 90584.8 147031 198303 243359 286430 322361 350818 370718 382046 385801 380913 369690 352183 328664 302799 278713 256377 233622 209989 187287 165754 144438 124278 106733 91424.2 76936.9 62808.9 49502.4 37895.2 28291.6 20478.8 14152.3 9199.53 5656.29 3303.36 137.262 48469.9 58866.7 95548.2 128868 158149 186139 209489 227981 240913 248274 250713 247538 240244 228867 213585 196777 181124 166610 151824 136467 121714 107720 93868 80768.7 69367.6 59418.5 50003.2 40821.4 32173.1 24629.2 18387.8 13310.7 9199.53 5981.02 3677.91 2148.21 89.3793 29792.3 36182.8 58729.4 79209.6 97207.2 114411 128764 140128 148077 152602 154099 152147 147665 140672 131280 120949 111328 102408 93321.9 83884.5 74816.7 66214.4 57699.8 49648.9 42641.7 36526.5 30738.9 25095.1 19779 15142 11305 8183.65 5656.29 3677.91 2262.13 1321.59 55.0879 17391.2 21121.8 34283.3 46238.7 56744.7 66787.2 75165.4 81797.5 86439.1 89080.1 89953.1 88813.6 86197.8 82115.3 76633 70603.4 64987.9 59781.9 54478.8 48971.6 43678.6 38656.2 33685.5 28986.1 24896.2 21326.6 17947.7 14652.9 11549.4 8842.36 6602.01 4779.27 3303.36 2148.21 1321.59 772.38 32.2836 718.284 872.21 1415.72 1909.46 2343.39 2758.3 3104.59 3378.25 3570.43 3679.56 3715.35 3668.5 3560.78 3391.94 3165.56 2916.89 2685.33 2470.66 2251.88 2025.06 1806.58 1598.86 1393.45 1199.4 1030.57 883.088 743.379 607.173 478.748 366.702 273.947 198.436 137.262 89.3793 55.0879 32.2836 1.38531 
