385877 472738 768160 1.03824e+06 1.27141e+06 1.48859e+06 1.67533e+06 1.82516e+06 1.93326e+06 1.99555e+06 2.00918e+06 1.98119e+06 1.92151e+06 1.83078e+06 1.71145e+06 1.58021e+06 1.45356e+06 1.33532e+06 1.21656e+06 1.09396e+06 976791 865206 753936 648939 557209 476385 400302 326538 257263 196752 146834 106390 73720.4 48218.1 29790.8 17462.9 739.775 472738 581340 945246 1.27754e+06 1.56418e+06 1.83131e+06 2.06108e+06 2.24531e+06 2.37838e+06 2.45529e+06 2.47231e+06 2.43804e+06 2.36476e+06 2.25333e+06 2.10663e+06 1.9452e+06 1.78935e+06 1.64385e+06 1.49774e+06 1.34688e+06 1.20264e+06 1.0653e+06 928358 799098 686145 586638 492984 402189 316905 242390 180908 131095 90858.3 59442 36734 21537.7 914.357 768160 945246 1.53818e+06 2.08028e+06 2.54804e+06 2.98393e+06 3.35892e+06 3.65963e+06 3.87697e+06 4.00258e+06 4.03046e+06 3.97471e+06 3.85529e+06 3.67368e+06 3.43456e+06 3.17135e+06 2.91718e+06 2.67995e+06 2.44175e+06 2.19581e+06 1.96064e+06 1.73676e+06 1.51351e+06 1.30278e+06 1.11862e+06 956393 803719 655713 516683 395198 294961 213749 148149 96927.7 59902.1 35122.7 1491.74 1.03824e+06 1.27754e+06 2.08028e+06 2.81534e+06 3.44985e+06 4.04107e+06 4.54973e+06 4.95776e+06 5.25278e+06 5.4232e+06 5.46109e+06 5.38562e+06 5.22383e+06 4.97778e+06 4.65377e+06 4.29705e+06 3.95255e+06 3.63106e+06 3.3083e+06 2.97507e+06 2.65643e+06 2.3531e+06 2.05063e+06 1.7651e+06 1.51558e+06 1.29578e+06 1.08894e+06 888423 700063 535463 399652 289620 200741 131340 81171.1 47594.3 2021.97 1.27141e+06 1.56418e+06 2.54804e+06 3.44985e+06 4.22858e+06 4.95409e+06 5.5783e+06 6.0791e+06 6.44132e+06 6.65047e+06 6.69699e+06 6.60448e+06 6.40605e+06 6.1043e+06 5.70696e+06 5.26942e+06 4.84686e+06 4.45258e+06 4.05677e+06 3.64814e+06 3.2574e+06 2.88543e+06 2.51453e+06 2.1644e+06 1.85842e+06 1.58889e+06 1.33526e+06 1.08939e+06 858420 656585 490053 355131 246148 161049 99532.3 58360.2 2479.42 1.48859e+06 1.83131e+06 2.98393e+06 4.04107e+06 4.95409e+06 5.80473e+06 6.53658e+06 7.12378e+06 7.54856e+06 7.79381e+06 7.84841e+06 7.74004e+06 7.50749e+06 7.15386e+06 6.6882e+06 6.17539e+06 5.68012e+06 5.21802e+06 4.75415e+06 4.27526e+06 3.81735e+06 3.38144e+06 2.94679e+06 2.53646e+06 2.17787e+06 1.86201e+06 1.56478e+06 1.27666e+06 1.00599e+06 769463 574303 416188 288471 188742 116648 68396.5 2906.11 1.67533e+06 2.06108e+06 3.35892e+06 4.54973e+06 5.5783e+06 6.53658e+06 7.36113e+06 8.02271e+06 8.50132e+06 8.77766e+06 8.83924e+06 8.71726e+06 8.45538e+06 8.05713e+06 7.5327e+06 6.95512e+06 6.39728e+06 5.87681e+06 5.35439e+06 4.81505e+06 4.29932e+06 3.8084e+06 3.31888e+06 2.85675e+06 2.45288e+06 2.09714e+06 1.7624e+06 1.43791e+06 1.13308e+06 866677 646868 468784 324936 212607 131402 77049 3274.67 1.82516e+06 2.24531e+06 3.65963e+06 4.95776e+06 6.0791e+06 7.12378e+06 8.02271e+06 8.74406e+06 9.26594e+06 9.56721e+06 9.63437e+06 9.50147e+06 9.21606e+06 8.78202e+06 8.21044e+06 7.58087e+06 6.97279e+06 6.40549e+06 5.8361e+06 5.24824e+06 4.68612e+06 4.15105e+06 3.61751e+06 3.1138e+06 2.6736e+06 2.28585e+06 1.92101e+06 1.56734e+06 1.23509e+06 944712 705120 511008 354212 231770 143249 83997.7 3570.88 1.93326e+06 2.37838e+06 3.87697e+06 5.25278e+06 6.44132e+06 7.54856e+06 8.50132e+06 9.26594e+06 9.81923e+06 1.01386e+07 1.02098e+07 1.00691e+07 9.76666e+06 9.30676e+06 8.70109e+06 8.03389e+06 7.38945e+06 6.78825e+06 6.18487e+06 5.56191e+06 4.96621e+06 4.39919e+06 3.83379e+06 3.29998e+06 2.83346e+06 2.42255e+06 2.03592e+06 1.66113e+06 1.30902e+06 1.00129e+06 747360 541635 375457 245682 151854 89047.2 3787.05 1.99555e+06 2.45529e+06 4.00258e+06 5.4232e+06 6.65047e+06 7.79381e+06 8.77766e+06 9.56721e+06 1.01386e+07 1.04685e+07 1.05422e+07 1.03968e+07 1.00847e+07 9.6099e+06 8.98458e+06 8.29567e+06 7.63023e+06 7.00946e+06 6.38646e+06 5.74325e+06 5.12814e+06 4.54268e+06 3.95888e+06 3.40768e+06 2.92594e+06 2.50164e+06 2.10242e+06 1.71544e+06 1.35186e+06 1.03407e+06 771849 559400 387790 253765 156858 91986.1 3913.83 2.00918e+06 2.47231e+06 4.03046e+06 5.46109e+06 6.69699e+06 7.84841e+06 8.83924e+06 9.63437e+06 1.02098e+07 1.05422e+07 1.06164e+07 1.04702e+07 1.01558e+07 9.6778e+06 9.04814e+06 8.35441e+06 7.68427e+06 7.05913e+06 6.43177e+06 5.78403e+06 5.16458e+06 4.57501e+06 3.9871e+06 3.43199e+06 2.94682e+06 2.51951e+06 2.11749e+06 1.72777e+06 1.36161e+06 1.04156e+06 777455 563481 390637 255641 158025 92674.9 3944.9 1.98119e+06 2.43804e+06 3.97471e+06 5.38562e+06 6.60448e+06 7.74004e+06 8.71726e+06 9.50147e+06 1.00691e+07 1.03968e+07 1.04702e+07 1.0326e+07 1.00161e+07 9.54468e+06 8.92374e+06 8.23958e+06 7.57866e+06 6.96215e+06 6.34345e+06 5.70464e+06 5.09372e+06 4.51227e+06 3.93247e+06 3.38498e+06 2.90647e+06 2.48504e+06 2.08855e+06 1.7042e+06 1.34307e+06 1.02739e+06 766899 555847 385362 252201 155906 91436 3893.78 1.92151e+06 2.36476e+06 3.85529e+06 5.22383e+06 6.40605e+06 7.50749e+06 8.45538e+06 9.21606e+06 9.76666e+06 1.00847e+07 1.01558e+07 1.00161e+07 9.71554e+06 9.25838e+06 8.65614e+06 7.99253e+06 7.35143e+06 6.75344e+06 6.15335e+06 5.53374e+06 4.94114e+06 4.37716e+06 3.81477e+06 3.28369e+06 2.81951e+06 2.41072e+06 2.02613e+06 1.65332e+06 1.30301e+06 996773 744061 539314 373920 244728 151295 88736.5 3780.78 1.83078e+06 2.25333e+06 3.67368e+06 4.97778e+06 6.1043e+06 7.15386e+06 8.05713e+06 8.78202e+06 9.30676e+06 9.6099e+06 9.6778e+06 9.54468e+06 9.25838e+06 8.82288e+06 8.24908e+06 7.61671e+06 7.00577e+06 6.43594e+06 5.86414e+06 5.27371e+06 4.709e+06 4.17158e+06 3.63566e+06 3.12955e+06 2.68717e+06 2.2976e+06 1.93111e+06 1.57585e+06 1.24200e+06 950138 709275 514126 356482 233334 144262 84618.1 3607.84 1.71145e+06 2.10663e+06 3.43456e+06 4.65377e+06 5.70696e+06 6.6882e+06 7.5327e+06 8.21044e+06 8.70109e+06 8.98458e+06 9.04814e+06 8.92374e+06 8.65614e+06 8.24908e+06 7.71269e+06 7.12149e+06 6.55027e+06 6.01752e+06 5.48296e+06 4.93096e+06 4.40298e+06 3.90054e+06 3.39949e+06 2.92629e+06 2.51266e+06 2.14842e+06 1.80577e+06 1.47362e+06 1.16148e+06 888562 663330 480844 333427 218259 134952 79162.5 3377.39 1.58021e+06 1.9452e+06 3.17135e+06 4.29705e+06 5.26942e+06 6.17539e+06 6.95512e+06 7.58087e+06 8.03389e+06 8.29567e+06 8.35441e+06 8.23958e+06 7.99253e+06 7.61671e+06 7.12149e+06 6.57564e+06 6.04823e+06 5.55633e+06 5.06276e+06 4.55309e+06 4.06559e+06 3.60168e+06 3.13905e+06 2.70211e+06 2.32018e+06 1.98385e+06 1.66747e+06 1.36078e+06 1.07256e+06 820555 612572 444060 307931 201577 124642 73117 3120.47 1.45356e+06 1.78935e+06 2.91718e+06 3.95255e+06 4.84686e+06 5.68012e+06 6.39728e+06 6.97279e+06 7.38945e+06 7.63023e+06 7.68427e+06 7.57866e+06 7.35143e+06 7.00577e+06 6.55027e+06 6.04823e+06 5.56314e+06 5.1107e+06 4.65673e+06 4.18794e+06 3.73954e+06 3.31284e+06 2.88732e+06 2.48543e+06 2.13412e+06 1.82477e+06 1.53377e+06 1.25168e+06 986574 754772 563466 408466 283252 185423 114655 67259.1 2870.75 1.33532e+06 1.64385e+06 2.67995e+06 3.63106e+06 4.45258e+06 5.21802e+06 5.87681e+06 6.40549e+06 6.78825e+06 7.00946e+06 7.05913e+06 6.96215e+06 6.75344e+06 6.43594e+06 6.01752e+06 5.55633e+06 5.1107e+06 4.69509e+06 4.27806e+06 3.84741e+06 3.43548e+06 3.0435e+06 2.6526e+06 2.28339e+06 1.96065e+06 1.67646e+06 1.40913e+06 1.14999e+06 906439 693478 517717 375311 260270 170386 105361 61809.3 2639.07 1.21656e+06 1.49774e+06 2.44175e+06 3.3083e+06 4.05677e+06 4.75415e+06 5.35439e+06 5.8361e+06 6.18487e+06 6.38646e+06 6.43177e+06 6.34345e+06 6.15335e+06 5.86414e+06 5.48296e+06 5.06276e+06 4.65673e+06 4.27806e+06 3.89812e+06 3.50576e+06 3.13043e+06 2.7733e+06 2.41714e+06 2.08072e+06 1.78664e+06 1.52769e+06 1.28412e+06 1.04801e+06 826089 632026 471856 342082 237242 155323 96053.5 56353.1 2407.69 1.09396e+06 1.34688e+06 2.19581e+06 2.97507e+06 3.64814e+06 4.27526e+06 4.81505e+06 5.24824e+06 5.56191e+06 5.74325e+06 5.78403e+06 5.70464e+06 5.53374e+06 5.27371e+06 4.93096e+06 4.55309e+06 4.18794e+06 3.84741e+06 3.50576e+06 3.15293e+06 2.81539e+06 2.49423e+06 2.17394e+06 1.87139e+06 1.6069e+06 1.37402e+06 1.15498e+06 942646 743064 568522 424459 307733 213434 139746 86426.2 50708.1 2167.82 976791 1.20264e+06 1.96064e+06 2.65643e+06 3.2574e+06 3.81735e+06 4.29932e+06 4.68612e+06 4.96621e+06 5.12814e+06 5.16458e+06 5.09372e+06 4.94114e+06 4.709e+06 4.40298e+06 4.06559e+06 3.73954e+06 3.43548e+06 3.13043e+06 2.81539e+06 2.514e+06 2.22724e+06 1.94126e+06 1.6711e+06 1.43492e+06 1.22698e+06 1.0314e+06 841801 663587 507724 379075 274838 190627 124819 77198.1 45295.8 1937.23 865206 1.0653e+06 1.73676e+06 2.3531e+06 2.88543e+06 3.38144e+06 3.8084e+06 4.15105e+06 4.39919e+06 4.54268e+06 4.57501e+06 4.51227e+06 4.37716e+06 4.17158e+06 3.90054e+06 3.60168e+06 3.31284e+06 3.0435e+06 2.7733e+06 2.49423e+06 2.22724e+06 1.97323e+06 1.7199e+06 1.48056e+06 1.27133e+06 1.08711e+06 913854 745900 588018 449923 335934 243574 168958 110640 68435.3 40157.7 1718.88 753936 928358 1.51351e+06 2.05063e+06 2.51453e+06 2.94679e+06 3.31888e+06 3.61751e+06 3.83379e+06 3.95888e+06 3.9871e+06 3.93247e+06 3.81477e+06 3.63566e+06 3.39949e+06 3.13905e+06 2.88732e+06 2.6526e+06 2.41714e+06 2.17394e+06 1.94126e+06 1.7199e+06 1.49912e+06 1.29053e+06 1.10816e+06 947600 796610 650237 512631 392258 292893 212381 147334 96490.3 59689.2 35028.9 1500.71 648939 799098 1.30278e+06 1.7651e+06 2.1644e+06 2.53646e+06 2.85675e+06 3.1138e+06 3.29998e+06 3.40768e+06 3.43199e+06 3.38498e+06 3.28369e+06 3.12955e+06 2.92629e+06 2.70211e+06 2.48543e+06 2.28339e+06 2.08072e+06 1.87139e+06 1.6711e+06 1.48056e+06 1.29053e+06 1.11097e+06 953975 815768 685799 559805 441351 337725 252181 182867 126867 83091.8 51404 30168.5 1293.2 557209 686145 1.11862e+06 1.51558e+06 1.85842e+06 2.17787e+06 2.45288e+06 2.6736e+06 2.83346e+06 2.92594e+06 2.94682e+06 2.90647e+06 2.81951e+06 2.68717e+06 2.51266e+06 2.32018e+06 2.13412e+06 1.96065e+06 1.78664e+06 1.6069e+06 1.43492e+06 1.27133e+06 1.10816e+06 953975 819170 700498 588903 480720 379008 290024 216566 157046 108957 71364.2 44150.5 25912.4 1111.13 476385 586638 956393 1.29578e+06 1.58889e+06 1.86201e+06 2.09714e+06 2.28585e+06 2.42255e+06 2.50164e+06 2.51951e+06 2.48504e+06 2.41072e+06 2.2976e+06 2.14842e+06 1.98385e+06 1.82477e+06 1.67646e+06 1.52769e+06 1.37402e+06 1.22698e+06 1.08711e+06 947600 815768 700498 599030 503617 411120 324149 248055 185235 134334 93207.3 61054.2 37775.6 22172.7 951.53 400302 492984 803719 1.08894e+06 1.33526e+06 1.56478e+06 1.7624e+06 1.92101e+06 2.03592e+06 2.10242e+06 2.11749e+06 2.08855e+06 2.02613e+06 1.93111e+06 1.80577e+06 1.66747e+06 1.53377e+06 1.40913e+06 1.28412e+06 1.15498e+06 1.0314e+06 913854 796610 685799 588903 503617 423429 345690 272586 208613 155794 112995 78414.5 51373.6 31791.4 18663.3 802.153 326538 402189 655713 888423 1.08939e+06 1.27666e+06 1.43791e+06 1.56734e+06 1.66113e+06 1.71544e+06 1.72777e+06 1.7042e+06 1.65332e+06 1.57585e+06 1.47362e+06 1.36078e+06 1.25168e+06 1.14999e+06 1.04801e+06 942646 841801 745900 650237 559805 480720 411120 345690 282259 222597 170373 127250 92307.2 64072 41987.4 25989.2 15260.5 657.277 257263 316905 516683 700063 858420 1.00599e+06 1.13308e+06 1.23509e+06 1.30902e+06 1.35186e+06 1.36161e+06 1.34307e+06 1.30301e+06 1.24200e+06 1.16148e+06 1.07256e+06 986574 906439 826089 743064 663587 588018 512631 441351 379008 324149 272586 222597 175569 134393 100389 72833.5 50566.7 33145.6 20521.5 12052.7 520.252 196752 242390 395198 535463 656585 769463 866677 944712 1.00129e+06 1.03407e+06 1.04156e+06 1.02739e+06 996773 950138 888562 820555 754772 693478 632026 568522 507724 449923 392258 337725 290024 248055 208613 170373 134393 102884 76859.1 55769.9 38727.2 25390.4 15723.3 9236.42 399.405 146834 180908 294961 399652 490053 574303 646868 705120 747360 771849 777455 766899 744061 709275 663330 612572 563466 517717 471856 424459 379075 335934 292893 252181 216566 185235 155794 127250 100389 76859.1 57423.3 41672.8 28943.9 18980.5 11756.4 6907.51 299.259 106390 131095 213749 289620 355131 416188 468784 511008 541635 559400 563481 555847 539314 514126 480844 444060 408466 375311 342082 307733 274838 243574 212381 182867 157046 134334 112995 92307.2 72833.5 55769.9 41672.8 30248.4 21015 13785.2 8541.04 5019.73 218.042 73720.4 90858.3 148149 200741 246148 288471 324936 354212 375457 387790 390637 385362 373920 356482 333427 307931 283252 260270 237242 213434 190627 168958 147334 126867 108957 93207.3 78414.5 64072 50566.7 38727.2 28943.9 21015 14606.1 9585.46 5941.55 3493.39 152.315 48218.1 59442 96927.7 131340 161049 188742 212607 231770 245682 253765 255641 252201 244728 233334 218259 201577 185423 170386 155323 139746 124819 110640 96490.3 83091.8 71364.2 61054.2 51373.6 41987.4 33145.6 25390.4 18980.5 13785.2 9585.46 6293.75 3903.08 2295.9 100.52 29790.8 36734 59902.1 81171.1 99532.3 116648 131402 143249 151854 156858 158025 155906 151295 144262 134952 124642 114655 105361 96053.5 86426.2 77198.1 68435.3 59689.2 51404 44150.5 37775.6 31791.4 25989.2 20521.5 15723.3 11756.4 8541.04 5941.55 3903.08 2421.65 1425.11 62.6454 17462.9 21537.7 35122.7 47594.3 58360.2 68396.5 77049 83997.7 89047.2 91986.1 92674.9 91436 88736.5 84618.1 79162.5 73117 67259.1 61809.3 56353.1 50708.1 45295.8 40157.7 35028.9 30168.5 25912.4 22172.7 18663.3 15260.5 12052.7 9236.42 6907.51 5019.73 3493.39 2295.9 1425.11 839.006 37.019 739.775 914.357 1491.74 2021.97 2479.42 2906.11 3274.67 3570.88 3787.05 3913.83 3944.9 3893.78 3780.78 3607.84 3377.39 3120.47 2870.75 2639.07 2407.69 2167.82 1937.23 1718.88 1500.71 1293.2 1111.13 951.53 802.153 657.277 520.252 399.405 299.259 218.042 152.315 100.52 62.6454 37.019 1.68835 
