0.0256388 0.0186603 0.00712031 0.00147603 -0.000838273 -0.0021052 -0.00269175 -0.00282768 -0.00285692 -0.00267833 -0.002311 -0.00179383 -0.00118172 -0.000502049 0.000189453 0.000758479 0.0012368 0.00157268 0.00185128 0.0021647 0.00235185 0.00230253 0.00214982 0.00188119 0.00149365 0.00107919 0.000485843 -0.000380036 -0.00127303 -0.00205592 -0.00282754 -0.00393562 -0.00499866 -0.00596826 -0.00658383 -0.00685689 -0.00695213 0.0186603 0.014992 0.00606584 0.00114414 -0.00101823 -0.00220584 -0.00275913 -0.00288418 -0.00285723 -0.00264358 -0.00229403 -0.00179067 -0.00118958 -0.000512552 0.000165236 0.000703592 0.00115667 0.0014382 0.00172971 0.00215421 0.0024375 0.00245635 0.00243994 0.00233879 0.0021821 0.00190948 0.00155524 0.00114667 0.000694811 0.000204432 -0.000275007 -0.000893829 -0.001474 -0.00196662 -0.00231905 -0.00244227 -0.00253833 0.00712031 0.00606584 0.00266667 0.00060189 -0.000351887 -0.000867676 -0.00109172 -0.00112068 -0.00108887 -0.000990399 -0.00084678 -0.000653291 -0.00042902 -0.000182372 4.8057e-05 0.000227448 0.000378034 0.000461754 0.000556458 0.000695291 0.000779529 0.000783919 0.000784972 0.000761833 0.000727593 0.000643143 0.000558124 0.000492751 0.000416352 0.000311877 0.000242706 0.000186935 0.000174672 0.000242699 0.000350239 0.000567641 0.00113924 0.00147603 0.00114414 0.00060189 0.000280335 0.000138628 7.10803e-05 5.8176e-05 7.82648e-05 8.24476e-05 8.20973e-05 8.7603e-05 7.82071e-05 5.80622e-05 2.68922e-05 -1.9856e-05 -5.45331e-05 -8.34621e-05 -0.00010013 -0.000128678 -0.000198381 -0.000261681 -0.000283951 -0.000314782 -0.000343751 -0.000379928 -0.000392958 -0.000398094 -0.000429953 -0.000453982 -0.000449683 -0.000406106 -0.00036841 -0.000307617 -0.000210668 -8.77497e-05 8.05197e-05 0.000534427 -0.000838273 -0.00101823 -0.000351887 0.000138628 0.000399227 0.000553268 0.00064142 0.000680846 0.000662142 0.000605983 0.000542625 0.000434069 0.000294904 0.000129228 -4.90581e-05 -0.000183155 -0.000294918 -0.000352886 -0.000439995 -0.000618417 -0.000760505 -0.000801155 -0.000860384 -0.000908732 -0.000969813 -0.000962756 -0.000956277 -0.00102829 -0.00108486 -0.00107164 -0.00101914 -0.00102289 -0.00102278 -0.00102242 -0.000993604 -0.000948075 -0.00076756 -0.0021052 -0.00220584 -0.000867676 7.10803e-05 0.000553268 0.000830516 0.000976391 0.00102857 0.000997872 0.000910578 0.000808339 0.000642464 0.000434021 0.000189353 -6.72693e-05 -0.000260758 -0.000422167 -0.000505446 -0.000628378 -0.000872813 -0.00106287 -0.00111505 -0.00119126 -0.00125093 -0.00132619 -0.00130675 -0.00129152 -0.00138259 -0.00145275 -0.00142876 -0.00136343 -0.0013778 -0.00139624 -0.0014303 -0.0014321 -0.00143021 -0.00133858 -0.00269175 -0.00275913 -0.00109172 5.8176e-05 0.00064142 0.000976391 0.00115267 0.00121537 0.00118128 0.00107959 0.000957934 0.000760875 0.000513818 0.000223849 -7.9834e-05 -0.000309379 -0.000501225 -0.000601388 -0.000747215 -0.00103254 -0.00125259 -0.0013122 -0.00139774 -0.00146267 -0.00154365 -0.00151546 -0.00148982 -0.00157996 -0.00164445 -0.00160205 -0.00151278 -0.00150309 -0.00149538 -0.00150194 -0.00147067 -0.00143649 -0.00125303 -0.00282768 -0.00288418 -0.00112068 7.82648e-05 0.000680846 0.00102857 0.00121537 0.00128633 0.00125473 0.00115026 0.00102285 0.000813633 0.00055043 0.000240225 -8.69401e-05 -0.000334952 -0.000542657 -0.000653155 -0.000811582 -0.00111844 -0.00135506 -0.00141888 -0.00150829 -0.00157429 -0.00165528 -0.00162176 -0.00158523 -0.00166229 -0.00171035 -0.00164751 -0.00152928 -0.00147757 -0.00141999 -0.00136521 -0.00126773 -0.00116016 -0.000789495 -0.00285692 -0.00285723 -0.00108887 8.24476e-05 0.000662142 0.000997872 0.00118128 0.00125473 0.0012293 0.00113118 0.00100783 0.000802761 0.000544034 0.000238102 -8.67506e-05 -0.000334099 -0.000541708 -0.000654766 -0.000813009 -0.00111523 -0.00134822 -0.00141019 -0.00149428 -0.00155355 -0.00162443 -0.00158599 -0.00153761 -0.00158776 -0.00160803 -0.00152442 -0.00138141 -0.00128223 -0.00116946 -0.0010473 -0.000883594 -0.000704996 -0.000167557 -0.00267833 -0.00264358 -0.000990399 8.20973e-05 0.000605983 0.000910578 0.00107959 0.00115026 0.00113118 0.00104455 0.000932494 0.000743692 0.000504808 0.000221466 -8.10944e-05 -0.000312363 -0.000506876 -0.000614815 -0.000763117 -0.00104313 -0.00125886 -0.00131573 -0.00139063 -0.00144123 -0.00150006 -0.00146023 -0.00140611 -0.00143236 -0.00142945 -0.00133418 -0.00118092 -0.00104954 -0.00089897 -0.000729296 -0.000520133 -0.000292873 0.000353143 -0.002311 -0.00229403 -0.00084678 8.7603e-05 0.000542625 0.000808339 0.000957934 0.00102285 0.00100783 0.000932494 0.000834269 0.000666656 0.000453574 0.000200149 -7.20143e-05 -0.000280497 -0.000455985 -0.00055436 -0.00068844 -0.000941613 -0.00113775 -0.00118978 -0.00125751 -0.00130302 -0.00135531 -0.00131958 -0.00126853 -0.0012863 -0.00127706 -0.00118528 -0.00103821 -0.000903077 -0.000746404 -0.000565599 -0.000346879 -0.000106885 0.000562703 -0.00179383 -0.00179067 -0.000653291 7.82071e-05 0.000434069 0.000642464 0.000760875 0.000813633 0.000802761 0.000743692 0.000666656 0.000534238 0.000364885 0.000163163 -5.50685e-05 -0.000222791 -0.000363902 -0.000443951 -0.000551512 -0.000755789 -0.000916117 -0.000959005 -0.00101451 -0.00105194 -0.00109466 -0.00106729 -0.00102535 -0.00103771 -0.00102835 -0.000952874 -0.00082943 -0.000713006 -0.000576639 -0.000416453 -0.000225311 -1.32392e-05 0.000571403 -0.00118172 -0.00118958 -0.00042902 5.80622e-05 0.000294904 0.000434021 0.000513818 0.00055043 0.000544034 0.000504808 0.000453574 0.000364885 0.000250682 0.000114381 -3.4558e-05 -0.000149574 -0.000246308 -0.000302025 -0.000375534 -0.000516166 -0.000628437 -0.000658883 -0.000698006 -0.000724559 -0.000754651 -0.00073726 -0.000707873 -0.000714883 -0.000707053 -0.00065413 -0.000564897 -0.000478458 -0.000375891 -0.000252925 -0.000108362 5.42065e-05 0.00049655 -0.000502049 -0.000512552 -0.000182372 2.68922e-05 0.000129228 0.000189353 0.000223849 0.000240225 0.000238102 0.000221466 0.000200149 0.000163163 0.000114381 5.63804e-05 -9.2477e-06 -6.09058e-05 -0.000104069 -0.00013023 -0.000162147 -0.00022575 -0.000280353 -0.000295743 -0.00031542 -0.000329268 -0.000344891 -0.000340014 -0.00032692 -0.0003309 -0.000328955 -0.000306851 -0.000263238 -0.000222285 -0.00017213 -0.000109169 -3.83699e-05 4.44631e-05 0.000262631 0.000189453 0.000165236 4.8057e-05 -1.9856e-05 -4.90581e-05 -6.72693e-05 -7.9834e-05 -8.69401e-05 -8.67506e-05 -8.10944e-05 -7.20143e-05 -5.50685e-05 -3.4558e-05 -9.2477e-06 1.62653e-05 3.4764e-05 5.07936e-05 5.8903e-05 7.25028e-05 9.36967e-05 0.000105019 0.000106874 0.000108484 0.000107881 0.000106632 9.80043e-05 8.91826e-05 8.07728e-05 6.8638e-05 5.12461e-05 3.359e-05 8.06932e-06 -1.95763e-05 -4.88479e-05 -8.32212e-05 -0.00011634 -0.000207924 0.000758479 0.000703592 0.000227448 -5.45331e-05 -0.000183155 -0.000260758 -0.000309379 -0.000334952 -0.000334099 -0.000312363 -0.000280497 -0.000222791 -0.000149574 -6.09058e-05 3.4764e-05 0.00010783 0.000169863 0.000205454 0.000253999 0.000339855 0.000402249 0.000417273 0.000434396 0.000442669 0.000450393 0.000430374 0.000401809 0.000384083 0.000355119 0.000302774 0.000232179 0.000145575 4.67639e-05 -6.70336e-05 -0.000194366 -0.000329301 -0.000685762 0.0012368 0.00115667 0.000378034 -8.34621e-05 -0.000294918 -0.000422167 -0.000501225 -0.000542657 -0.000541708 -0.000506876 -0.000455985 -0.000363902 -0.000246308 -0.000104069 5.07936e-05 0.000169863 0.000270858 0.000329714 0.000408073 0.000548396 0.000653253 0.000679198 0.000708983 0.000724248 0.000738794 0.000708547 0.0006626 0.00063498 0.000589463 0.000505602 0.00038849 0.000245925 8.1784e-05 -0.000109862 -0.000323225 -0.000552308 -0.00115394 0.00157268 0.0014382 0.000461754 -0.00010013 -0.000352886 -0.000505446 -0.000601388 -0.000653155 -0.000654766 -0.000614815 -0.00055436 -0.000443951 -0.000302025 -0.00013023 5.8903e-05 0.000205454 0.000329714 0.000404155 0.000499743 0.000670125 0.000799516 0.000831279 0.000866233 0.000882464 0.000896227 0.000857838 0.000795492 0.000749099 0.000680801 0.000568862 0.000412145 0.000215166 -1.20436e-05 -0.00027922 -0.000570258 -0.000883313 -0.00169194 0.00185128 0.00172971 0.000556458 -0.000128678 -0.000439995 -0.000628378 -0.000747215 -0.000811582 -0.000813009 -0.000763117 -0.00068844 -0.000551512 -0.000375534 -0.000162147 7.25028e-05 0.000253999 0.000408073 0.000499743 0.000619565 0.000833389 0.00099514 0.001036 0.00108157 0.00110433 0.00112487 0.00107879 0.00100507 0.000953267 0.000873375 0.000736854 0.00054489 0.000303617 2.36144e-05 -0.000307898 -0.000673186 -0.00106897 -0.00209629 0.0021647 0.00215421 0.000695291 -0.000198381 -0.000618417 -0.000872813 -0.00103254 -0.00111844 -0.00111523 -0.00104313 -0.000941613 -0.000755789 -0.000516166 -0.00022575 9.36967e-05 0.000339855 0.000548396 0.000670125 0.000833389 0.0011332 0.00136352 0.0014247 0.0014977 0.00154171 0.00158776 0.00153644 0.00145367 0.00142034 0.00134935 0.00119062 0.000953827 0.000674553 0.000345618 -4.91649e-05 -0.000497398 -0.0009931 -0.00230232 0.00235185 0.0024375 0.000779529 -0.000261681 -0.000760505 -0.00106287 -0.00125259 -0.00135506 -0.00134822 -0.00125886 -0.00113775 -0.000916117 -0.000628437 -0.000280353 0.000105019 0.000402249 0.000653253 0.000799516 0.00099514 0.00136352 0.00165345 0.00173235 0.0018297 0.00189324 0.00196291 0.00191166 0.00182291 0.00180916 0.00175184 0.0015818 0.00130983 0.00100786 0.000647559 0.000209304 -0.000294072 -0.000860961 -0.00236771 0.00230253 0.00245635 0.000783919 -0.000283951 -0.000801155 -0.00111505 -0.0013122 -0.00141888 -0.00141019 -0.00131573 -0.00118978 -0.000959005 -0.000658883 -0.000295743 0.000106874 0.000417273 0.000679198 0.000831279 0.001036 0.0014247 0.00173235 0.00181748 0.00192377 0.0019954 0.00207525 0.00202625 0.00193996 0.00193858 0.00189154 0.00172259 0.00144538 0.00114418 0.000781947 0.000337689 -0.000177828 -0.000763438 -0.00232637 0.00214982 0.00243994 0.000784972 -0.000314782 -0.000860384 -0.00119126 -0.00139774 -0.00150829 -0.00149428 -0.00139063 -0.00125751 -0.00101451 -0.000698006 -0.00031542 0.000108484 0.000434396 0.000708983 0.000866233 0.00108157 0.0014977 0.0018297 0.00192377 0.00204487 0.00213127 0.00223077 0.00218897 0.00211349 0.00214489 0.00212898 0.00197568 0.00170682 0.00143539 0.00110329 0.000689921 0.000195755 -0.00037603 -0.00192548 0.00188119 0.00233879 0.000761833 -0.000343751 -0.000908732 -0.00125093 -0.00146267 -0.00157429 -0.00155355 -0.00144123 -0.00130302 -0.00105194 -0.000724559 -0.000329268 0.000107881 0.000442669 0.000724248 0.000882464 0.00110433 0.00154171 0.00189324 0.0019954 0.00213127 0.00223383 0.00235537 0.00232402 0.00226561 0.00233932 0.00236519 0.00223799 0.00199084 0.00176964 0.00149092 0.00113587 0.000689955 0.00016025 -0.00130859 0.00149365 0.0021821 0.000727593 -0.000379928 -0.000969813 -0.00132619 -0.00154365 -0.00165528 -0.00162443 -0.00150006 -0.00135531 -0.00109466 -0.000754651 -0.000344891 0.000106632 0.000450393 0.000738794 0.000896227 0.00112487 0.00158776 0.00196291 0.00207525 0.00223077 0.00235537 0.00250754 0.00249155 0.00245901 0.00259472 0.00268262 0.00259647 0.00238617 0.00224531 0.00205355 0.00179567 0.00143431 0.000982691 -0.000325462 0.00107919 0.00190948 0.000643143 -0.000392958 -0.000962756 -0.00130675 -0.00151546 -0.00162176 -0.00158599 -0.00146023 -0.00131958 -0.00106729 -0.00073726 -0.000340014 9.80043e-05 0.000430374 0.000708547 0.000857838 0.00107879 0.00153644 0.00191166 0.00202625 0.00218897 0.00232402 0.00249155 0.00248965 0.00247687 0.00265055 0.00277977 0.00272943 0.00255361 0.00247634 0.00235415 0.00217427 0.00188812 0.00150855 0.000365837 0.000485843 0.00155524 0.000558124 -0.000398094 -0.000956277 -0.00129152 -0.00148982 -0.00158523 -0.00153761 -0.00140611 -0.00126853 -0.00102535 -0.000707873 -0.00032692 8.91826e-05 0.000401809 0.0006626 0.000795492 0.00100507 0.00145367 0.00182291 0.00193996 0.00211349 0.00226561 0.00245901 0.00247687 0.00250357 0.00274852 0.00295203 0.00296249 0.00286153 0.00290741 0.00292355 0.00290365 0.00276599 0.00253861 0.00173991 -0.000380036 0.00114667 0.000492751 -0.000429953 -0.00102829 -0.00138259 -0.00157996 -0.00166229 -0.00158776 -0.00143236 -0.0012863 -0.00103771 -0.000714883 -0.0003309 8.07728e-05 0.000384083 0.00063498 0.000749099 0.000953267 0.00142034 0.00180916 0.00193858 0.00214489 0.00233932 0.00259472 0.00265055 0.00274852 0.00314622 0.00350846 0.00364036 0.00367095 0.00396599 0.00426288 0.00457211 0.0047462 0.00483604 0.00475615 -0.00127303 0.000694811 0.000416352 -0.000453982 -0.00108486 -0.00145275 -0.00164445 -0.00171035 -0.00160803 -0.00142945 -0.00127706 -0.00102835 -0.000707053 -0.000328955 6.8638e-05 0.000355119 0.000589463 0.000680801 0.000873375 0.00134935 0.00175184 0.00189154 0.00212898 0.00236519 0.00268262 0.00277977 0.00295203 0.00350846 0.00403888 0.00430489 0.00447815 0.00504592 0.00565172 0.00632582 0.00685516 0.00730881 0.00807029 -0.00205592 0.000204432 0.000311877 -0.000449683 -0.00107164 -0.00142876 -0.00160205 -0.00164751 -0.00152442 -0.00133418 -0.00118528 -0.000952874 -0.00065413 -0.000306851 5.12461e-05 0.000302774 0.000505602 0.000568862 0.000736854 0.00119062 0.0015818 0.00172259 0.00197568 0.00223799 0.00259647 0.00272943 0.00296249 0.00364036 0.00430489 0.00469035 0.00499154 0.00579697 0.00667485 0.007674 0.00853452 0.00933189 0.0109159 -0.00282754 -0.000275007 0.000242706 -0.000406106 -0.00101914 -0.00136343 -0.00151278 -0.00152928 -0.00138141 -0.00118092 -0.00103821 -0.00082943 -0.000564897 -0.000263238 3.359e-05 0.000232179 0.00038849 0.000412145 0.00054489 0.000953827 0.00130983 0.00144538 0.00170682 0.00199084 0.00238617 0.00255361 0.00286153 0.00367095 0.00447815 0.00499154 0.00546194 0.00653998 0.00773416 0.0091133 0.0103473 0.0115463 0.0140737 -0.00393562 -0.000893829 0.000186935 -0.00036841 -0.00102289 -0.0013778 -0.00150309 -0.00147757 -0.00128223 -0.00104954 -0.000903077 -0.000713006 -0.000478458 -0.000222285 8.06932e-06 0.000145575 0.000245925 0.000215166 0.000303617 0.000674553 0.00100786 0.00114418 0.00143539 0.00176964 0.00224531 0.00247634 0.00290741 0.00396599 0.00504592 0.00579697 0.00653998 0.00811887 0.00989347 0.0119768 0.0139286 0.0158903 0.020247 -0.00499866 -0.001474 0.000174672 -0.000307617 -0.00102278 -0.00139624 -0.00149538 -0.00141999 -0.00116946 -0.00089897 -0.000746404 -0.000576639 -0.000375891 -0.00017213 -1.95763e-05 4.67639e-05 8.1784e-05 -1.20436e-05 2.36144e-05 0.000345618 0.000647559 0.000781947 0.00110329 0.00149092 0.00205355 0.00235415 0.00292355 0.00426288 0.00565172 0.00667485 0.00773416 0.00989347 0.0123455 0.0152561 0.0180598 0.0209332 0.0274926 -0.00596826 -0.00196662 0.000242699 -0.000210668 -0.00102242 -0.0014303 -0.00150194 -0.00136521 -0.0010473 -0.000729296 -0.000565599 -0.000416453 -0.000252925 -0.000109169 -4.88479e-05 -6.70336e-05 -0.000109862 -0.00027922 -0.000307898 -4.91649e-05 0.000209304 0.000337689 0.000689921 0.00113587 0.00179567 0.00217427 0.00290365 0.00457211 0.00632582 0.007674 0.0091133 0.0119768 0.0152561 0.0191887 0.0230564 0.0270786 0.0364386 -0.00658383 -0.00231905 0.000350239 -8.77497e-05 -0.000993604 -0.0014321 -0.00147067 -0.00126773 -0.000883594 -0.000520133 -0.000346879 -0.000225311 -0.000108362 -3.83699e-05 -8.32212e-05 -0.000194366 -0.000323225 -0.000570258 -0.000673186 -0.000497398 -0.000294072 -0.000177828 0.000195755 0.000689955 0.00143431 0.00188812 0.00276599 0.0047462 0.00685516 0.00853452 0.0103473 0.0139286 0.0180598 0.0230564 0.0280786 0.0333518 0.0458514 -0.00685689 -0.00244227 0.000567641 8.05197e-05 -0.000948075 -0.00143021 -0.00143649 -0.00116016 -0.000704996 -0.000292873 -0.000106885 -1.32392e-05 5.42065e-05 4.44631e-05 -0.00011634 -0.000329301 -0.000552308 -0.000883313 -0.00106897 -0.0009931 -0.000860961 -0.000763438 -0.00037603 0.00016025 0.000982691 0.00150855 0.00253861 0.00483604 0.00730881 0.00933189 0.0115463 0.0158903 0.0209332 0.0270786 0.0333518 0.0399979 0.0559565 -0.00695213 -0.00253833 0.00113924 0.000534427 -0.00076756 -0.00133858 -0.00125303 -0.000789495 -0.000167557 0.000353143 0.000562703 0.000571403 0.00049655 0.000262631 -0.000207924 -0.000685762 -0.00115394 -0.00169194 -0.00209629 -0.00230232 -0.00236771 -0.00232637 -0.00192548 -0.00130859 -0.000325462 0.000365837 0.00173991 0.00475615 0.00807029 0.0109159 0.0140737 0.020247 0.0274926 0.0364386 0.0458514 0.0559565 0.08086 
