4.02212e-06 4.00324e-06 4.00918e-06 4.02577e-06 4.04527e-06 4.06259e-06 4.07857e-06 4.09377e-06 4.10702e-06 4.11562e-06 4.12085e-06 4.1251e-06 4.12845e-06 4.12953e-06 4.13026e-06 4.13141e-06 4.13264e-06 4.13416e-06 4.13505e-06 4.1348e-06 4.13333e-06 4.13152e-06 4.13166e-06 4.13374e-06 4.13548e-06 4.13532e-06 4.13419e-06 4.13316e-06 4.13177e-06 4.12976e-06 4.12914e-06 4.13196e-06 4.13519e-06 4.13717e-06 4.1388e-06 4.14043e-06 4.13821e-06 4.00324e-06 3.98451e-06 3.99043e-06 4.00695e-06 4.02635e-06 4.04359e-06 4.0595e-06 4.07461e-06 4.08779e-06 4.09634e-06 4.10154e-06 4.10577e-06 4.1091e-06 4.11016e-06 4.11089e-06 4.11202e-06 4.11323e-06 4.11474e-06 4.11561e-06 4.11536e-06 4.1139e-06 4.1121e-06 4.11222e-06 4.11428e-06 4.11599e-06 4.11583e-06 4.11471e-06 4.11368e-06 4.11229e-06 4.11029e-06 4.10966e-06 4.11245e-06 4.11564e-06 4.11761e-06 4.11923e-06 4.12086e-06 4.11871e-06 4.00918e-06 3.99043e-06 3.99636e-06 4.01291e-06 4.03234e-06 4.04962e-06 4.06555e-06 4.08068e-06 4.09387e-06 4.10243e-06 4.10764e-06 4.11188e-06 4.11521e-06 4.11628e-06 4.117e-06 4.11814e-06 4.11934e-06 4.12085e-06 4.12172e-06 4.12147e-06 4.12001e-06 4.1182e-06 4.11832e-06 4.12037e-06 4.12209e-06 4.12192e-06 4.1208e-06 4.11977e-06 4.11838e-06 4.11638e-06 4.11574e-06 4.11853e-06 4.12172e-06 4.12368e-06 4.12531e-06 4.12694e-06 4.1248e-06 4.02577e-06 4.00695e-06 4.01291e-06 4.02953e-06 4.04905e-06 4.0664e-06 4.0824e-06 4.09759e-06 4.11083e-06 4.11943e-06 4.12466e-06 4.12891e-06 4.13226e-06 4.13333e-06 4.13406e-06 4.1352e-06 4.13641e-06 4.13792e-06 4.13879e-06 4.13854e-06 4.13708e-06 4.13527e-06 4.13539e-06 4.13744e-06 4.13916e-06 4.13899e-06 4.13786e-06 4.13683e-06 4.13544e-06 4.13343e-06 4.13279e-06 4.13558e-06 4.13878e-06 4.14075e-06 4.14239e-06 4.14402e-06 4.14187e-06 4.04527e-06 4.02635e-06 4.03234e-06 4.04905e-06 4.06866e-06 4.0861e-06 4.10217e-06 4.11744e-06 4.13075e-06 4.13939e-06 4.14465e-06 4.14892e-06 4.15229e-06 4.15336e-06 4.1541e-06 4.15524e-06 4.15646e-06 4.15798e-06 4.15885e-06 4.1586e-06 4.15713e-06 4.15531e-06 4.15543e-06 4.1575e-06 4.15922e-06 4.15906e-06 4.15792e-06 4.15688e-06 4.15548e-06 4.15346e-06 4.15282e-06 4.15563e-06 4.15885e-06 4.16083e-06 4.16247e-06 4.16411e-06 4.16194e-06 4.06259e-06 4.04359e-06 4.04962e-06 4.0664e-06 4.0861e-06 4.10361e-06 4.11976e-06 4.13509e-06 4.14845e-06 4.15713e-06 4.16241e-06 4.1667e-06 4.17008e-06 4.17116e-06 4.1719e-06 4.17305e-06 4.17427e-06 4.17579e-06 4.17667e-06 4.17642e-06 4.17494e-06 4.17311e-06 4.17323e-06 4.1753e-06 4.17703e-06 4.17686e-06 4.17572e-06 4.17468e-06 4.17327e-06 4.17125e-06 4.1706e-06 4.17342e-06 4.17664e-06 4.17863e-06 4.18027e-06 4.18192e-06 4.17975e-06 4.07857e-06 4.0595e-06 4.06555e-06 4.0824e-06 4.10217e-06 4.11976e-06 4.13597e-06 4.15136e-06 4.16477e-06 4.17349e-06 4.17879e-06 4.1831e-06 4.18649e-06 4.18758e-06 4.18832e-06 4.18947e-06 4.1907e-06 4.19222e-06 4.1931e-06 4.19285e-06 4.19137e-06 4.18953e-06 4.18965e-06 4.19172e-06 4.19346e-06 4.19329e-06 4.19215e-06 4.1911e-06 4.18969e-06 4.18765e-06 4.18701e-06 4.18983e-06 4.19306e-06 4.19505e-06 4.1967e-06 4.19836e-06 4.19618e-06 4.09377e-06 4.07461e-06 4.08068e-06 4.09759e-06 4.11744e-06 4.13509e-06 4.15136e-06 4.16681e-06 4.18028e-06 4.18902e-06 4.19435e-06 4.19867e-06 4.20208e-06 4.20317e-06 4.20391e-06 4.20507e-06 4.20631e-06 4.20784e-06 4.20873e-06 4.20847e-06 4.20698e-06 4.20514e-06 4.20527e-06 4.20735e-06 4.2091e-06 4.20893e-06 4.20778e-06 4.20673e-06 4.20532e-06 4.20327e-06 4.20263e-06 4.20547e-06 4.20872e-06 4.21072e-06 4.21238e-06 4.21403e-06 4.21184e-06 4.10702e-06 4.08779e-06 4.09387e-06 4.11083e-06 4.13075e-06 4.14845e-06 4.16477e-06 4.18028e-06 4.1938e-06 4.20257e-06 4.20791e-06 4.21226e-06 4.21567e-06 4.21677e-06 4.21752e-06 4.21868e-06 4.21992e-06 4.22147e-06 4.22236e-06 4.22211e-06 4.22061e-06 4.21876e-06 4.21889e-06 4.221e-06 4.22276e-06 4.22259e-06 4.22144e-06 4.22038e-06 4.21896e-06 4.21691e-06 4.21627e-06 4.21912e-06 4.2224e-06 4.22441e-06 4.22607e-06 4.22773e-06 4.22551e-06 4.11562e-06 4.09634e-06 4.10243e-06 4.11943e-06 4.13939e-06 4.15713e-06 4.17349e-06 4.18902e-06 4.20257e-06 4.21137e-06 4.21672e-06 4.22107e-06 4.2245e-06 4.2256e-06 4.22634e-06 4.22751e-06 4.22876e-06 4.23031e-06 4.23121e-06 4.23095e-06 4.22945e-06 4.2276e-06 4.22773e-06 4.22984e-06 4.23161e-06 4.23144e-06 4.23028e-06 4.22923e-06 4.2278e-06 4.22575e-06 4.22511e-06 4.22797e-06 4.23125e-06 4.23327e-06 4.23494e-06 4.2366e-06 4.23437e-06 4.12085e-06 4.10154e-06 4.10764e-06 4.12466e-06 4.14465e-06 4.16241e-06 4.17879e-06 4.19435e-06 4.20791e-06 4.21672e-06 4.22208e-06 4.22644e-06 4.22987e-06 4.23097e-06 4.23172e-06 4.23289e-06 4.23414e-06 4.23569e-06 4.23659e-06 4.23633e-06 4.23483e-06 4.23298e-06 4.23311e-06 4.23522e-06 4.23699e-06 4.23682e-06 4.23566e-06 4.23461e-06 4.23318e-06 4.23112e-06 4.23048e-06 4.23335e-06 4.23663e-06 4.23865e-06 4.24032e-06 4.24198e-06 4.23975e-06 4.1251e-06 4.10577e-06 4.11188e-06 4.12891e-06 4.14892e-06 4.1667e-06 4.1831e-06 4.19867e-06 4.21226e-06 4.22107e-06 4.22644e-06 4.2308e-06 4.23424e-06 4.23534e-06 4.23609e-06 4.23726e-06 4.23851e-06 4.24007e-06 4.24097e-06 4.24071e-06 4.23921e-06 4.23735e-06 4.23748e-06 4.2396e-06 4.24137e-06 4.2412e-06 4.24005e-06 4.23899e-06 4.23756e-06 4.2355e-06 4.23486e-06 4.23773e-06 4.24102e-06 4.24304e-06 4.24471e-06 4.24638e-06 4.24414e-06 4.12845e-06 4.1091e-06 4.11521e-06 4.13226e-06 4.15229e-06 4.17008e-06 4.18649e-06 4.20208e-06 4.21567e-06 4.2245e-06 4.22987e-06 4.23424e-06 4.23767e-06 4.23878e-06 4.23953e-06 4.2407e-06 4.24196e-06 4.24351e-06 4.24441e-06 4.24416e-06 4.24266e-06 4.2408e-06 4.24093e-06 4.24305e-06 4.24483e-06 4.24466e-06 4.2435e-06 4.24244e-06 4.24101e-06 4.23895e-06 4.23831e-06 4.24119e-06 4.24448e-06 4.24651e-06 4.24818e-06 4.24984e-06 4.24759e-06 4.12953e-06 4.11016e-06 4.11628e-06 4.13333e-06 4.15336e-06 4.17116e-06 4.18758e-06 4.20317e-06 4.21677e-06 4.2256e-06 4.23097e-06 4.23534e-06 4.23878e-06 4.23988e-06 4.24063e-06 4.24181e-06 4.24306e-06 4.24462e-06 4.24552e-06 4.24526e-06 4.24376e-06 4.2419e-06 4.24204e-06 4.24416e-06 4.24593e-06 4.24576e-06 4.2446e-06 4.24354e-06 4.24211e-06 4.24005e-06 4.23941e-06 4.24229e-06 4.24558e-06 4.24761e-06 4.24928e-06 4.25094e-06 4.24869e-06 4.13026e-06 4.11089e-06 4.117e-06 4.13406e-06 4.1541e-06 4.1719e-06 4.18832e-06 4.20391e-06 4.21752e-06 4.22634e-06 4.23172e-06 4.23609e-06 4.23953e-06 4.24063e-06 4.24138e-06 4.24256e-06 4.24382e-06 4.24537e-06 4.24627e-06 4.24602e-06 4.24452e-06 4.24266e-06 4.24279e-06 4.24491e-06 4.24669e-06 4.24652e-06 4.24536e-06 4.2443e-06 4.24287e-06 4.24081e-06 4.24017e-06 4.24305e-06 4.24635e-06 4.24837e-06 4.25004e-06 4.2517e-06 4.24945e-06 4.13141e-06 4.11202e-06 4.11814e-06 4.1352e-06 4.15524e-06 4.17305e-06 4.18947e-06 4.20507e-06 4.21868e-06 4.22751e-06 4.23289e-06 4.23726e-06 4.2407e-06 4.24181e-06 4.24256e-06 4.24374e-06 4.245e-06 4.24656e-06 4.24746e-06 4.2472e-06 4.2457e-06 4.24384e-06 4.24398e-06 4.24611e-06 4.24789e-06 4.24772e-06 4.24656e-06 4.2455e-06 4.24407e-06 4.24201e-06 4.24137e-06 4.24425e-06 4.24755e-06 4.24958e-06 4.25125e-06 4.25291e-06 4.25065e-06 4.13264e-06 4.11323e-06 4.11934e-06 4.13641e-06 4.15646e-06 4.17427e-06 4.1907e-06 4.20631e-06 4.21992e-06 4.22876e-06 4.23414e-06 4.23851e-06 4.24196e-06 4.24306e-06 4.24382e-06 4.245e-06 4.24626e-06 4.24782e-06 4.24873e-06 4.24847e-06 4.24697e-06 4.24511e-06 4.24525e-06 4.24738e-06 4.24916e-06 4.249e-06 4.24784e-06 4.24678e-06 4.24535e-06 4.24329e-06 4.24265e-06 4.24554e-06 4.24885e-06 4.25087e-06 4.25255e-06 4.25421e-06 4.25193e-06 4.13416e-06 4.11474e-06 4.12085e-06 4.13792e-06 4.15798e-06 4.17579e-06 4.19222e-06 4.20784e-06 4.22147e-06 4.23031e-06 4.23569e-06 4.24007e-06 4.24351e-06 4.24462e-06 4.24537e-06 4.24656e-06 4.24782e-06 4.24939e-06 4.2503e-06 4.25004e-06 4.24854e-06 4.24668e-06 4.24682e-06 4.24896e-06 4.25075e-06 4.25058e-06 4.24942e-06 4.24836e-06 4.24693e-06 4.24487e-06 4.24423e-06 4.24713e-06 4.25044e-06 4.25248e-06 4.25415e-06 4.25581e-06 4.25352e-06 4.13505e-06 4.11561e-06 4.12172e-06 4.13879e-06 4.15885e-06 4.17667e-06 4.1931e-06 4.20873e-06 4.22236e-06 4.23121e-06 4.23659e-06 4.24097e-06 4.24441e-06 4.24552e-06 4.24627e-06 4.24746e-06 4.24873e-06 4.2503e-06 4.25121e-06 4.25095e-06 4.24945e-06 4.24759e-06 4.24773e-06 4.24987e-06 4.25167e-06 4.2515e-06 4.25034e-06 4.24928e-06 4.24785e-06 4.24579e-06 4.24515e-06 4.24806e-06 4.25137e-06 4.25341e-06 4.25508e-06 4.25674e-06 4.25444e-06 4.1348e-06 4.11536e-06 4.12147e-06 4.13854e-06 4.1586e-06 4.17642e-06 4.19285e-06 4.20847e-06 4.22211e-06 4.23095e-06 4.23633e-06 4.24071e-06 4.24416e-06 4.24526e-06 4.24602e-06 4.2472e-06 4.24847e-06 4.25004e-06 4.25095e-06 4.2507e-06 4.24919e-06 4.24733e-06 4.24748e-06 4.24962e-06 4.25141e-06 4.25125e-06 4.25009e-06 4.24903e-06 4.2476e-06 4.24553e-06 4.2449e-06 4.24781e-06 4.25112e-06 4.25316e-06 4.25483e-06 4.25649e-06 4.25419e-06 4.13333e-06 4.1139e-06 4.12001e-06 4.13708e-06 4.15713e-06 4.17494e-06 4.19137e-06 4.20698e-06 4.22061e-06 4.22945e-06 4.23483e-06 4.23921e-06 4.24266e-06 4.24376e-06 4.24452e-06 4.2457e-06 4.24697e-06 4.24854e-06 4.24945e-06 4.24919e-06 4.24769e-06 4.24583e-06 4.24597e-06 4.24812e-06 4.24991e-06 4.24974e-06 4.24858e-06 4.24752e-06 4.24609e-06 4.24403e-06 4.24339e-06 4.2463e-06 4.24961e-06 4.25165e-06 4.25332e-06 4.25498e-06 4.25268e-06 4.13152e-06 4.1121e-06 4.1182e-06 4.13527e-06 4.15531e-06 4.17311e-06 4.18953e-06 4.20514e-06 4.21876e-06 4.2276e-06 4.23298e-06 4.23735e-06 4.2408e-06 4.2419e-06 4.24266e-06 4.24384e-06 4.24511e-06 4.24668e-06 4.24759e-06 4.24733e-06 4.24583e-06 4.24397e-06 4.24411e-06 4.24626e-06 4.24804e-06 4.24788e-06 4.24672e-06 4.24566e-06 4.24423e-06 4.24217e-06 4.24154e-06 4.24444e-06 4.24775e-06 4.24978e-06 4.25145e-06 4.25311e-06 4.25081e-06 4.13166e-06 4.11222e-06 4.11832e-06 4.13539e-06 4.15543e-06 4.17323e-06 4.18965e-06 4.20527e-06 4.21889e-06 4.22773e-06 4.23311e-06 4.23748e-06 4.24093e-06 4.24204e-06 4.24279e-06 4.24398e-06 4.24525e-06 4.24682e-06 4.24773e-06 4.24748e-06 4.24597e-06 4.24411e-06 4.24426e-06 4.24641e-06 4.2482e-06 4.24804e-06 4.24688e-06 4.24582e-06 4.24439e-06 4.24233e-06 4.2417e-06 4.24461e-06 4.24793e-06 4.24996e-06 4.25163e-06 4.25329e-06 4.25097e-06 4.13374e-06 4.11428e-06 4.12037e-06 4.13744e-06 4.1575e-06 4.1753e-06 4.19172e-06 4.20735e-06 4.221e-06 4.22984e-06 4.23522e-06 4.2396e-06 4.24305e-06 4.24416e-06 4.24491e-06 4.24611e-06 4.24738e-06 4.24896e-06 4.24987e-06 4.24962e-06 4.24812e-06 4.24626e-06 4.24641e-06 4.24857e-06 4.25037e-06 4.2502e-06 4.24904e-06 4.24798e-06 4.24655e-06 4.24449e-06 4.24386e-06 4.24679e-06 4.25012e-06 4.25215e-06 4.25383e-06 4.25548e-06 4.25315e-06 4.13548e-06 4.11599e-06 4.12209e-06 4.13916e-06 4.15922e-06 4.17703e-06 4.19346e-06 4.2091e-06 4.22276e-06 4.23161e-06 4.23699e-06 4.24137e-06 4.24483e-06 4.24593e-06 4.24669e-06 4.24789e-06 4.24916e-06 4.25075e-06 4.25167e-06 4.25141e-06 4.24991e-06 4.24804e-06 4.2482e-06 4.25037e-06 4.25217e-06 4.25201e-06 4.25085e-06 4.24979e-06 4.24836e-06 4.2463e-06 4.24567e-06 4.2486e-06 4.25194e-06 4.25399e-06 4.25566e-06 4.25732e-06 4.25497e-06 4.13532e-06 4.11583e-06 4.12192e-06 4.13899e-06 4.15906e-06 4.17686e-06 4.19329e-06 4.20893e-06 4.22259e-06 4.23144e-06 4.23682e-06 4.2412e-06 4.24466e-06 4.24576e-06 4.24652e-06 4.24772e-06 4.249e-06 4.25058e-06 4.2515e-06 4.25125e-06 4.24974e-06 4.24788e-06 4.24804e-06 4.2502e-06 4.25201e-06 4.25185e-06 4.25069e-06 4.24963e-06 4.2482e-06 4.24614e-06 4.24551e-06 4.24845e-06 4.25179e-06 4.25383e-06 4.25551e-06 4.25716e-06 4.25481e-06 4.13419e-06 4.11471e-06 4.1208e-06 4.13786e-06 4.15792e-06 4.17572e-06 4.19215e-06 4.20778e-06 4.22144e-06 4.23028e-06 4.23566e-06 4.24005e-06 4.2435e-06 4.2446e-06 4.24536e-06 4.24656e-06 4.24784e-06 4.24942e-06 4.25034e-06 4.25009e-06 4.24858e-06 4.24672e-06 4.24688e-06 4.24904e-06 4.25085e-06 4.25069e-06 4.24953e-06 4.24847e-06 4.24704e-06 4.24498e-06 4.24435e-06 4.24728e-06 4.25063e-06 4.25267e-06 4.25434e-06 4.256e-06 4.25365e-06 4.13316e-06 4.11368e-06 4.11977e-06 4.13683e-06 4.15688e-06 4.17468e-06 4.1911e-06 4.20673e-06 4.22038e-06 4.22923e-06 4.23461e-06 4.23899e-06 4.24244e-06 4.24354e-06 4.2443e-06 4.2455e-06 4.24678e-06 4.24836e-06 4.24928e-06 4.24903e-06 4.24752e-06 4.24566e-06 4.24582e-06 4.24798e-06 4.24979e-06 4.24963e-06 4.24847e-06 4.24741e-06 4.24598e-06 4.24392e-06 4.2433e-06 4.24623e-06 4.24957e-06 4.25161e-06 4.25329e-06 4.25494e-06 4.25259e-06 4.13177e-06 4.11229e-06 4.11838e-06 4.13544e-06 4.15548e-06 4.17327e-06 4.18969e-06 4.20532e-06 4.21896e-06 4.2278e-06 4.23318e-06 4.23756e-06 4.24101e-06 4.24211e-06 4.24287e-06 4.24407e-06 4.24535e-06 4.24693e-06 4.24785e-06 4.2476e-06 4.24609e-06 4.24423e-06 4.24439e-06 4.24655e-06 4.24836e-06 4.2482e-06 4.24704e-06 4.24598e-06 4.24455e-06 4.24249e-06 4.24187e-06 4.2448e-06 4.24814e-06 4.25018e-06 4.25185e-06 4.25351e-06 4.25116e-06 4.12976e-06 4.11029e-06 4.11638e-06 4.13343e-06 4.15346e-06 4.17125e-06 4.18765e-06 4.20327e-06 4.21691e-06 4.22575e-06 4.23112e-06 4.2355e-06 4.23895e-06 4.24005e-06 4.24081e-06 4.24201e-06 4.24329e-06 4.24487e-06 4.24579e-06 4.24553e-06 4.24403e-06 4.24217e-06 4.24233e-06 4.24449e-06 4.2463e-06 4.24614e-06 4.24498e-06 4.24392e-06 4.24249e-06 4.24043e-06 4.23981e-06 4.24274e-06 4.24607e-06 4.24811e-06 4.24979e-06 4.25144e-06 4.24909e-06 4.12914e-06 4.10966e-06 4.11574e-06 4.13279e-06 4.15282e-06 4.1706e-06 4.18701e-06 4.20263e-06 4.21627e-06 4.22511e-06 4.23048e-06 4.23486e-06 4.23831e-06 4.23941e-06 4.24017e-06 4.24137e-06 4.24265e-06 4.24423e-06 4.24515e-06 4.2449e-06 4.24339e-06 4.24154e-06 4.2417e-06 4.24386e-06 4.24567e-06 4.24551e-06 4.24435e-06 4.2433e-06 4.24187e-06 4.23981e-06 4.23919e-06 4.24212e-06 4.24546e-06 4.2475e-06 4.24917e-06 4.25082e-06 4.24846e-06 4.13196e-06 4.11245e-06 4.11853e-06 4.13558e-06 4.15563e-06 4.17342e-06 4.18983e-06 4.20547e-06 4.21912e-06 4.22797e-06 4.23335e-06 4.23773e-06 4.24119e-06 4.24229e-06 4.24305e-06 4.24425e-06 4.24554e-06 4.24713e-06 4.24806e-06 4.24781e-06 4.2463e-06 4.24444e-06 4.24461e-06 4.24679e-06 4.2486e-06 4.24845e-06 4.24728e-06 4.24623e-06 4.2448e-06 4.24274e-06 4.24212e-06 4.24507e-06 4.24842e-06 4.25047e-06 4.25215e-06 4.2538e-06 4.25141e-06 4.13519e-06 4.11564e-06 4.12172e-06 4.13878e-06 4.15885e-06 4.17664e-06 4.19306e-06 4.20872e-06 4.2224e-06 4.23125e-06 4.23663e-06 4.24102e-06 4.24448e-06 4.24558e-06 4.24635e-06 4.24755e-06 4.24885e-06 4.25044e-06 4.25137e-06 4.25112e-06 4.24961e-06 4.24775e-06 4.24793e-06 4.25012e-06 4.25194e-06 4.25179e-06 4.25063e-06 4.24957e-06 4.24814e-06 4.24607e-06 4.24546e-06 4.24842e-06 4.25179e-06 4.25384e-06 4.25552e-06 4.25717e-06 4.25477e-06 4.13717e-06 4.11761e-06 4.12368e-06 4.14075e-06 4.16083e-06 4.17863e-06 4.19505e-06 4.21072e-06 4.22441e-06 4.23327e-06 4.23865e-06 4.24304e-06 4.24651e-06 4.24761e-06 4.24837e-06 4.24958e-06 4.25087e-06 4.25248e-06 4.25341e-06 4.25316e-06 4.25165e-06 4.24978e-06 4.24996e-06 4.25215e-06 4.25399e-06 4.25383e-06 4.25267e-06 4.25161e-06 4.25018e-06 4.24811e-06 4.2475e-06 4.25047e-06 4.25384e-06 4.2559e-06 4.25759e-06 4.25924e-06 4.25683e-06 4.1388e-06 4.11923e-06 4.12531e-06 4.14239e-06 4.16247e-06 4.18027e-06 4.1967e-06 4.21238e-06 4.22607e-06 4.23494e-06 4.24032e-06 4.24471e-06 4.24818e-06 4.24928e-06 4.25004e-06 4.25125e-06 4.25255e-06 4.25415e-06 4.25508e-06 4.25483e-06 4.25332e-06 4.25145e-06 4.25163e-06 4.25383e-06 4.25566e-06 4.25551e-06 4.25434e-06 4.25329e-06 4.25185e-06 4.24979e-06 4.24917e-06 4.25215e-06 4.25552e-06 4.25759e-06 4.25927e-06 4.26093e-06 4.25852e-06 4.14043e-06 4.12086e-06 4.12694e-06 4.14402e-06 4.16411e-06 4.18192e-06 4.19836e-06 4.21403e-06 4.22773e-06 4.2366e-06 4.24198e-06 4.24638e-06 4.24984e-06 4.25094e-06 4.2517e-06 4.25291e-06 4.25421e-06 4.25581e-06 4.25674e-06 4.25649e-06 4.25498e-06 4.25311e-06 4.25329e-06 4.25548e-06 4.25732e-06 4.25716e-06 4.256e-06 4.25494e-06 4.25351e-06 4.25144e-06 4.25082e-06 4.2538e-06 4.25717e-06 4.25924e-06 4.26093e-06 4.26259e-06 4.2602e-06 4.13821e-06 4.11871e-06 4.1248e-06 4.14187e-06 4.16194e-06 4.17975e-06 4.19618e-06 4.21184e-06 4.22551e-06 4.23437e-06 4.23975e-06 4.24414e-06 4.24759e-06 4.24869e-06 4.24945e-06 4.25065e-06 4.25193e-06 4.25352e-06 4.25444e-06 4.25419e-06 4.25268e-06 4.25081e-06 4.25097e-06 4.25315e-06 4.25497e-06 4.25481e-06 4.25365e-06 4.25259e-06 4.25116e-06 4.24909e-06 4.24846e-06 4.25141e-06 4.25477e-06 4.25683e-06 4.25852e-06 4.2602e-06 4.25786e-06 
