395949 480655 781044 1.05371e+06 1.29221e+06 1.52022e+06 1.71159e+06 1.86307e+06 1.96897e+06 2.02953e+06 2.04929e+06 2.02341e+06 1.96243e+06 1.86953e+06 1.74582e+06 1.60848e+06 1.48071e+06 1.36267e+06 1.24226e+06 1.11707e+06 997507 883668 769602 661557 567875 486164 409089 333918 263037 201131 150101 108753 75284.8 49096.9 30233 17677.4 740.495 480655 583481 948133 1.27913e+06 1.56865e+06 1.84543e+06 2.07774e+06 2.26164e+06 2.39019e+06 2.4637e+06 2.48769e+06 2.45627e+06 2.38225e+06 2.26948e+06 2.11931e+06 1.95258e+06 1.79748e+06 1.65419e+06 1.50801e+06 1.35604e+06 1.2109e+06 1.07271e+06 934243 803084 689360 590168 496606 405352 319308 244159 182212 132018 91390.5 59600.2 36700.8 21459.1 898.908 781044 948133 1.54068e+06 2.07854e+06 2.54899e+06 2.99876e+06 3.37625e+06 3.67507e+06 3.88397e+06 4.00341e+06 4.04239e+06 3.99134e+06 3.87106e+06 3.68780e+06 3.44379e+06 3.17286e+06 2.92083e+06 2.68799e+06 2.45046e+06 2.20351e+06 1.96767e+06 1.74311e+06 1.51811e+06 1.30498e+06 1.12018e+06 959000 806964 658681 518862 396749 296088 214525 148506 96847.9 59637.3 34870.2 1460.69 1.05371e+06 1.27913e+06 2.07854e+06 2.80416e+06 3.43885e+06 4.04564e+06 4.55492e+06 4.95805e+06 5.23988e+06 5.40103e+06 5.45361e+06 5.38474e+06 5.22247e+06 4.97524e+06 4.64603e+06 4.28052e+06 3.94051e+06 3.62638e+06 3.30593e+06 2.97277e+06 2.65459e+06 2.35164e+06 2.04809e+06 1.76055e+06 1.51124e+06 1.29379e+06 1.08868e+06 888630 700000 535256 399453 289416 200350 130658 80457 47043.5 1970.62 1.29221e+06 1.56865e+06 2.54899e+06 3.43885e+06 4.21719e+06 4.96132e+06 5.58587e+06 6.08024e+06 6.42586e+06 6.62348e+06 6.68797e+06 6.60351e+06 6.40451e+06 6.10132e+06 5.6976e+06 5.24936e+06 4.83239e+06 4.44717e+06 4.05418e+06 3.64562e+06 3.25542e+06 2.8839e+06 2.51164e+06 2.15903e+06 1.8533e+06 1.58662e+06 1.33509e+06 1.08976e+06 858436 656404 489864 354922 245697 160231 98667.4 57691.2 2416.65 1.52022e+06 1.84543e+06 2.99876e+06 4.04564e+06 4.96132e+06 5.83674e+06 6.5715e+06 7.1531e+06 7.55971e+06 7.7922e+06 7.86806e+06 7.7687e+06 7.53458e+06 7.1779e+06 6.70295e+06 6.17561e+06 5.68507e+06 5.23188e+06 4.76954e+06 4.28888e+06 3.82984e+06 3.39277e+06 2.95483e+06 2.53999e+06 2.18031e+06 1.86659e+06 1.57067e+06 1.28205e+06 1.00991e+06 772227 576301 417548 289050 188504 116077 67870.9 2843.07 1.71159e+06 2.07774e+06 3.37625e+06 4.55492e+06 5.58587e+06 6.5715e+06 7.39874e+06 8.05356e+06 8.51136e+06 8.77311e+06 8.85853e+06 8.74665e+06 8.48307e+06 8.08148e+06 7.54674e+06 6.95303e+06 6.40073e+06 5.89048e+06 5.36995e+06 4.82879e+06 4.31196e+06 3.81987e+06 3.32679e+06 2.85974e+06 2.45478e+06 2.10156e+06 1.76839e+06 1.44344e+06 1.13704e+06 869438 648849 470111 325437 212233 130690 76414.7 3200.97 1.86307e+06 2.26164e+06 3.67507e+06 4.95805e+06 6.08024e+06 7.1531e+06 8.05356e+06 8.76634e+06 9.26465e+06 9.54957e+06 9.64255e+06 9.52077e+06 9.23386e+06 8.79673e+06 8.21467e+06 7.5684e+06 6.96723e+06 6.41182e+06 5.84522e+06 5.25616e+06 4.69359e+06 4.15794e+06 3.62123e+06 3.11284e+06 2.67204e+06 2.28756e+06 1.9249e+06 1.57119e+06 1.23767e+06 946387 706274 511718 354239 231017 142256 83177.8 3484.26 1.96897e+06 2.39019e+06 3.88397e+06 5.23988e+06 6.42586e+06 7.55971e+06 8.51136e+06 9.26465e+06 9.79128e+06 1.00924e+07 1.01907e+07 1.0062e+07 9.75874e+06 9.29676e+06 8.68161e+06 7.99861e+06 7.36327e+06 6.77629e+06 6.17748e+06 5.55493e+06 4.96039e+06 4.39429e+06 3.82707e+06 3.28978e+06 2.82392e+06 2.41759e+06 2.03431e+06 1.6605e+06 1.30803e+06 1.00018e+06 746421 540805 374375 244148 150342 87905.9 3682.32 2.02953e+06 2.4637e+06 4.00341e+06 5.40103e+06 6.62348e+06 7.7922e+06 8.77311e+06 9.54957e+06 1.00924e+07 1.04028e+07 1.05041e+07 1.03714e+07 1.00589e+07 9.58268e+06 8.9486e+06 8.2446e+06 7.58971e+06 6.98468e+06 6.36746e+06 5.72577e+06 5.11294e+06 4.52944e+06 3.94476e+06 3.39096e+06 2.91077e+06 2.49194e+06 2.09688e+06 1.71157e+06 1.34825e+06 1.03094e+06 769377 557437 385889 251657 154966 90609.3 3795.57 2.04929e+06 2.48769e+06 4.04239e+06 5.45361e+06 6.68797e+06 7.86806e+06 8.85853e+06 9.64255e+06 1.01907e+07 1.05041e+07 1.06063e+07 1.04724e+07 1.01568e+07 9.67598e+06 9.03573e+06 8.32487e+06 7.66361e+06 7.05269e+06 6.42945e+06 5.78152e+06 5.16272e+06 4.57353e+06 3.98317e+06 3.42397e+06 2.93911e+06 2.5162e+06 2.11729e+06 1.72823e+06 1.36138e+06 1.04098e+06 776867 562864 389646 254107 156475 91491.5 3832.52 2.02341e+06 2.45627e+06 3.99134e+06 5.38474e+06 6.60351e+06 7.7687e+06 8.74665e+06 9.52077e+06 1.0062e+07 1.03714e+07 1.04724e+07 1.03401e+07 1.00285e+07 9.55378e+06 8.92162e+06 8.21974e+06 7.56682e+06 6.96362e+06 6.34826e+06 5.7085e+06 5.09752e+06 4.51577e+06 3.93287e+06 3.38073e+06 2.90199e+06 2.48442e+06 2.09055e+06 1.70641e+06 1.34419e+06 1.02783e+06 767057 555756 384725 250898 154499 90336.1 3784.12 1.96243e+06 2.38225e+06 3.87106e+06 5.22247e+06 6.40451e+06 7.53458e+06 8.48307e+06 9.23386e+06 9.75874e+06 1.00589e+07 1.01568e+07 1.00285e+07 9.72631e+06 9.26587e+06 8.65276e+06 7.97203e+06 7.3388e+06 6.75377e+06 6.15695e+06 5.53647e+06 4.9439e+06 4.37969e+06 3.81435e+06 3.27885e+06 2.81454e+06 2.40955e+06 2.02755e+06 1.65498e+06 1.30368e+06 996858 743941 539008 373131 243337 149843 87613.7 3670.08 1.86953e+06 2.26948e+06 3.68780e+06 4.97524e+06 6.10132e+06 7.1779e+06 8.08148e+06 8.79673e+06 9.29676e+06 9.58268e+06 9.67598e+06 9.55378e+06 9.26587e+06 8.82723e+06 8.24314e+06 7.59464e+06 6.99138e+06 6.43405e+06 5.86548e+06 5.27438e+06 4.70986e+06 4.17236e+06 3.63378e+06 3.12363e+06 2.6813e+06 2.29549e+06 1.93157e+06 1.57664e+06 1.24196e+06 949668 708723 513492 355467 231818 142749 83466.2 3496.34 1.74582e+06 2.11931e+06 3.44379e+06 4.64603e+06 5.6976e+06 6.70295e+06 7.54674e+06 8.21467e+06 8.68161e+06 8.9486e+06 9.03573e+06 8.92162e+06 8.65276e+06 8.24314e+06 7.6977e+06 7.09211e+06 6.52877e+06 6.00832e+06 5.47737e+06 4.92538e+06 4.39821e+06 3.89628e+06 3.39334e+06 2.91694e+06 2.50388e+06 2.1436e+06 1.80376e+06 1.47231e+06 1.15978e+06 886830 661828 479515 331947 216479 133304 77943.3 3265 1.60848e+06 1.95258e+06 3.17286e+06 4.28052e+06 5.24936e+06 6.17561e+06 6.95303e+06 7.5684e+06 7.99861e+06 8.2446e+06 8.32487e+06 8.21974e+06 7.97203e+06 7.59464e+06 7.09211e+06 6.53416e+06 6.01514e+06 5.53563e+06 5.04646e+06 4.53789e+06 4.0522e+06 3.58975e+06 3.12638e+06 2.68746e+06 2.3069e+06 1.97496e+06 1.66186e+06 1.35648e+06 1.06854e+06 817061 609761 441790 305832 199448 122817 71811.4 3008.13 1.48071e+06 1.79748e+06 2.92083e+06 3.94051e+06 4.83239e+06 5.68507e+06 6.40073e+06 6.96723e+06 7.36327e+06 7.58971e+06 7.66361e+06 7.56682e+06 7.3388e+06 6.99138e+06 6.52877e+06 6.01514e+06 5.53734e+06 5.09592e+06 4.64560e+06 4.17744e+06 3.73032e+06 3.30461e+06 2.87804e+06 2.47399e+06 2.12365e+06 1.81808e+06 1.52985e+06 1.24873e+06 983665 752160 561326 406698 281539 183605 113061 66107.2 2769.19 1.36267e+06 1.65419e+06 2.68799e+06 3.62638e+06 4.44717e+06 5.23188e+06 5.89048e+06 6.41182e+06 6.77629e+06 6.98468e+06 7.05269e+06 6.96362e+06 6.75377e+06 6.43405e+06 6.00832e+06 5.53563e+06 5.09592e+06 4.68969e+06 4.27527e+06 3.84442e+06 3.43295e+06 3.04117e+06 2.64861e+06 2.27677e+06 1.95436e+06 1.67315e+06 1.4079e+06 1.14919e+06 905250 692200 516579 374277 259095 168969 104048 60837.3 2548.44 1.24226e+06 1.50801e+06 2.45046e+06 3.30593e+06 4.05418e+06 4.76954e+06 5.36995e+06 5.84522e+06 6.17748e+06 6.36746e+06 6.42945e+06 6.34826e+06 6.15695e+06 5.86548e+06 5.47737e+06 5.04646e+06 4.64560e+06 4.27527e+06 3.89747e+06 3.5047e+06 3.12959e+06 2.77243e+06 2.41456e+06 2.07558e+06 1.78166e+06 1.5253e+06 1.28348e+06 1.04764e+06 825255 631032 470930 341203 236200 154037 94853.5 55461.3 2323.24 1.11707e+06 1.35604e+06 2.20351e+06 2.97277e+06 3.64562e+06 4.28888e+06 4.82879e+06 5.25616e+06 5.55493e+06 5.72577e+06 5.78152e+06 5.7085e+06 5.53647e+06 5.27438e+06 4.92538e+06 4.53789e+06 4.17744e+06 3.84442e+06 3.5047e+06 3.15151e+06 2.8142e+06 2.49304e+06 2.17123e+06 1.86641e+06 1.60211e+06 1.37158e+06 1.15414e+06 942060 742088 567438 423471 306818 212396 138514 85294.5 49872.1 2089.11 997507 1.2109e+06 1.96767e+06 2.65459e+06 3.25542e+06 3.82984e+06 4.31196e+06 4.69359e+06 4.96039e+06 5.11294e+06 5.16272e+06 5.09752e+06 4.9439e+06 4.70986e+06 4.39821e+06 4.0522e+06 3.73032e+06 3.43295e+06 3.12959e+06 2.8142e+06 2.51299e+06 2.22620e+06 1.93884e+06 1.66665e+06 1.43064e+06 1.22478e+06 1.03061e+06 841231 662662 506705 378147 273979 189663 123689 76165.4 44534.2 1865.51 883668 1.07271e+06 1.74311e+06 2.35164e+06 2.8839e+06 3.39277e+06 3.81987e+06 4.15794e+06 4.39429e+06 4.52944e+06 4.57353e+06 4.51577e+06 4.37969e+06 4.17236e+06 3.89628e+06 3.58975e+06 3.30461e+06 3.04117e+06 2.77243e+06 2.49304e+06 2.22620e+06 1.97214e+06 1.71758e+06 1.47644e+06 1.26737e+06 1.08501e+06 912993 745227 587037 448878 334991 242712 168018 109573 67473.2 39451.9 1652.61 769602 934243 1.51811e+06 2.04809e+06 2.51164e+06 2.95483e+06 3.32679e+06 3.62123e+06 3.82707e+06 3.94476e+06 3.98317e+06 3.93287e+06 3.81435e+06 3.63378e+06 3.39334e+06 3.12638e+06 2.87804e+06 2.64861e+06 2.41456e+06 2.17123e+06 1.93884e+06 1.71758e+06 1.49587e+06 1.28586e+06 1.10377e+06 944950 795142 649032 511262 390936 291750 211382 146330 95429.1 58763.6 34359.3 1439.29 661557 803084 1.30498e+06 1.76055e+06 2.15903e+06 2.53999e+06 2.85974e+06 3.11284e+06 3.28978e+06 3.39096e+06 3.42397e+06 3.38073e+06 3.27885e+06 3.12363e+06 2.91694e+06 2.68746e+06 2.47399e+06 2.27677e+06 2.07558e+06 1.86641e+06 1.66665e+06 1.47644e+06 1.28586e+06 1.10534e+06 948813 812288 683512 557914 439485 336052 250791 181706 125787 82031.8 50513.7 29535.6 1237.23 567875 689360 1.12018e+06 1.51124e+06 1.8533e+06 2.18031e+06 2.45478e+06 2.67204e+06 2.82392e+06 2.91077e+06 2.93911e+06 2.90199e+06 2.81454e+06 2.6813e+06 2.50388e+06 2.3069e+06 2.12365e+06 1.95436e+06 1.78166e+06 1.60211e+06 1.43064e+06 1.26737e+06 1.10377e+06 948813 814453 697261 586721 478909 377250 288465 215277 155975 107974 70415.4 43360.6 25353.1 1062.03 486164 590168 959000 1.29379e+06 1.58662e+06 1.86659e+06 2.10156e+06 2.28756e+06 2.41759e+06 2.49194e+06 2.5162e+06 2.48442e+06 2.40955e+06 2.29549e+06 2.1436e+06 1.97496e+06 1.81808e+06 1.67315e+06 1.5253e+06 1.37158e+06 1.22478e+06 1.08501e+06 944950 812288 697261 596932 502297 409998 322968 246957 184301 133532 92437.9 60283.3 37121.4 21705.1 909.211 409089 496606 806964 1.08868e+06 1.33509e+06 1.57067e+06 1.76839e+06 1.9249e+06 2.03431e+06 2.09688e+06 2.11729e+06 2.09055e+06 2.02755e+06 1.93157e+06 1.80376e+06 1.66186e+06 1.52985e+06 1.4079e+06 1.28348e+06 1.15414e+06 1.03061e+06 912993 795142 683512 586721 502297 422665 344999 271766 207806 155082 112362 77783.2 50726.2 31236.4 18264 765.069 333918 405352 658681 888630 1.08976e+06 1.28205e+06 1.44344e+06 1.57119e+06 1.6605e+06 1.71157e+06 1.72823e+06 1.70641e+06 1.65498e+06 1.57664e+06 1.47231e+06 1.35648e+06 1.24873e+06 1.14919e+06 1.04764e+06 942060 841231 745227 649032 557914 478909 409998 344999 281604 221828 169621 126585 91715.1 63490.3 41405.1 25496.6 14907.9 624.484 263037 319308 518862 700000 858436 1.00991e+06 1.13704e+06 1.23767e+06 1.30803e+06 1.34825e+06 1.36138e+06 1.34419e+06 1.30368e+06 1.24196e+06 1.15978e+06 1.06854e+06 983665 905250 825255 742088 662662 587037 511262 439485 377250 322968 271766 221828 174740 133615 99715.1 72246.7 50013.1 32616 20084.4 11743.4 491.925 201131 244159 396749 535256 656404 772227 869438 946387 1.00018e+06 1.03094e+06 1.04098e+06 1.02783e+06 996858 949668 886830 817061 752160 692200 631032 567438 506705 448878 390936 336052 288465 246957 207806 169621 133615 102169 76247.2 55243.4 38242.6 24939.9 15357.5 8979.62 376.15 150101 182212 296088 399453 489864 576301 648849 706274 746421 769377 776867 767057 743941 708723 661828 609761 561326 516579 470930 423471 378147 334991 291750 250791 215277 184301 155082 126585 99715.1 76247.2 56902.2 41227.4 28539.9 18612.2 11461.1 6701.35 280.716 108753 132018 214525 289416 354922 417548 470111 511718 540805 557437 562864 555756 539008 513492 479515 441790 406698 374277 341203 306818 273979 242712 211382 181706 155975 133532 112362 91715.1 72246.7 55243.4 41227.4 29870.5 20678 13485.1 8303.92 4855.34 203.387 75284.8 91390.5 148506 200350 245697 289050 325437 354239 374375 385889 389646 384725 373131 355467 331947 305832 281539 259095 236200 212396 189663 168018 146330 125787 107974 92437.9 77783.2 63490.3 50013.1 38242.6 28539.9 20678 14314.5 9335.16 5748.43 3361.13 140.796 49096.9 59600.2 96847.9 130658 160231 188504 212233 231017 244148 251657 254107 250898 243337 231818 216479 199448 183605 168969 154037 138514 123689 109573 95429.1 82031.8 70415.4 60283.3 50726.2 41405.1 32616 24939.9 18612.2 13485.1 9335.16 6087.92 3748.83 2191.96 91.8198 30233 36700.8 59637.3 80457 98667.4 116077 130690 142256 150342 154966 156475 154499 149843 142749 133304 122817 113061 104048 94853.5 85294.5 76165.4 67473.2 58763.6 50513.7 43360.6 37121.4 31236.4 25496.6 20084.4 15357.5 11461.1 8303.92 5748.43 3748.83 2308.47 1349.77 56.5411 17677.4 21459.1 34870.2 47043.5 57691.2 67870.9 76414.7 83177.8 87905.9 90609.3 91491.5 90336.1 87613.7 83466.2 77943.3 71811.4 66107.2 60837.3 55461.3 49872.1 44534.2 39451.9 34359.3 29535.6 25353.1 21705.1 18264 14907.9 11743.4 8979.62 6701.35 4855.34 3361.13 2191.96 1349.77 789.217 33.0598 740.495 898.908 1460.69 1970.62 2416.65 2843.07 3200.97 3484.26 3682.32 3795.57 3832.52 3784.12 3670.08 3496.34 3265 3008.13 2769.19 2548.44 2323.24 2089.11 1865.51 1652.61 1439.29 1237.23 1062.03 909.211 765.069 624.484 491.925 376.15 280.716 203.387 140.796 91.8198 56.5411 33.0598 1.38486 
