393181 478763 778785 1.05191e+06 1.28903e+06 1.51175e+06 1.70235e+06 1.85334e+06 1.96118e+06 2.02284e+06 2.03733e+06 2.01072e+06 1.95058e+06 1.85819e+06 1.73584e+06 1.60143e+06 1.47319e+06 1.35409e+06 1.23407e+06 1.10981e+06 991140 877923 764709 657876 564877 483128 406229 331471 261073 199615 148950 107889 74675 48710.8 30007.1 17536.9 731.105 478763 583506 949462 1.2827e+06 1.57212e+06 1.84389e+06 2.07639e+06 2.2606e+06 2.39223e+06 2.46767e+06 2.4855e+06 2.45307e+06 2.37971e+06 2.26703e+06 2.11781e+06 1.95388e+06 1.79747e+06 1.65218e+06 1.50575e+06 1.35414e+06 1.20935e+06 1.07122e+06 933099 802757 689289 589550 495732 404523 318628 243630 181799 131690 91157.1 59468.3 36638 21414.3 893.612 778785 949462 1.54512e+06 2.08758e+06 2.55873e+06 3.00112e+06 3.37958e+06 3.67942e+06 3.89375e+06 4.01665e+06 4.04574e+06 3.99297e+06 3.87358e+06 3.6902e+06 3.44732e+06 3.18052e+06 2.92593e+06 2.68943e+06 2.45109e+06 2.20431e+06 1.96861e+06 1.74377e+06 1.51895e+06 1.30678e+06 1.12207e+06 959718 807004 658538 518715 396627 295971 214397 148412 96823.7 59654.6 34868.4 1455.54 1.05191e+06 1.2827e+06 2.08758e+06 2.82064e+06 3.45735e+06 4.05517e+06 4.56657e+06 4.97175e+06 5.26143e+06 5.4276e+06 5.46696e+06 5.39568e+06 5.23437e+06 4.98657e+06 4.65841e+06 4.29791e+06 3.95389e+06 3.63431e+06 3.31224e+06 2.97877e+06 2.66025e+06 2.35643e+06 2.05263e+06 1.76593e+06 1.51632e+06 1.29693e+06 1.09057e+06 889946 700999 536012 399987 289748 200577 130859 80626.2 47127.4 1967.71 1.28903e+06 1.57212e+06 2.55873e+06 3.45735e+06 4.23794e+06 4.9708e+06 5.59767e+06 6.09435e+06 6.44948e+06 6.6533e+06 6.70163e+06 6.61426e+06 6.41652e+06 6.11278e+06 5.71051e+06 5.26863e+06 4.84694e+06 4.4552e+06 4.06038e+06 3.65159e+06 3.26113e+06 2.88869e+06 2.51628e+06 2.16482e+06 1.85884e+06 1.5899e+06 1.33693e+06 1.091e+06 859373 657116 490360 355217 245902 160432 98849.2 57780.2 2412.91 1.51175e+06 1.84389e+06 3.00112e+06 4.05517e+06 4.9708e+06 5.83049e+06 6.56578e+06 7.14836e+06 7.56491e+06 7.80402e+06 7.86079e+06 7.75834e+06 7.5264e+06 7.17012e+06 6.69828e+06 6.17996e+06 5.68534e+06 5.22586e+06 4.76276e+06 4.28326e+06 3.82525e+06 3.38839e+06 2.95156e+06 2.5393e+06 2.1804e+06 1.86494e+06 1.56822e+06 1.27975e+06 1.00805e+06 770805 575200 416678 288450 188193 115955 67779.5 2830.73 1.70235e+06 2.07639e+06 3.37958e+06 4.56657e+06 5.59767e+06 6.56578e+06 7.39383e+06 8.04988e+06 8.51897e+06 8.78824e+06 8.85217e+06 8.73682e+06 8.47563e+06 8.07442e+06 7.54308e+06 6.95939e+06 6.40239e+06 5.88495e+06 5.36346e+06 4.82348e+06 4.3077e+06 3.81574e+06 3.32382e+06 2.85957e+06 2.4554e+06 2.10016e+06 1.76601e+06 1.44116e+06 1.1352e+06 868027 647751 469235 324834 211932 130581 76329.3 3187.87 1.85334e+06 2.2606e+06 3.67942e+06 4.97175e+06 6.09435e+06 7.14836e+06 8.04988e+06 8.76418e+06 9.27491e+06 9.56807e+06 9.63767e+06 9.51208e+06 9.22772e+06 8.79092e+06 8.21244e+06 7.57695e+06 6.97052e+06 6.40717e+06 5.8394e+06 5.2515e+06 4.68996e+06 4.15435e+06 3.61878e+06 3.11333e+06 2.6733e+06 2.28653e+06 1.92273e+06 1.56905e+06 1.23594e+06 945060 705236 510878 353663 230741 142171 83103.9 3470.87 1.96118e+06 2.39223e+06 3.89375e+06 5.26143e+06 6.44948e+06 7.56491e+06 8.51897e+06 9.27491e+06 9.81544e+06 1.01257e+07 1.01994e+07 1.00665e+07 9.76556e+06 9.30332e+06 8.69114e+06 8.01863e+06 7.37685e+06 6.78065e+06 6.17979e+06 5.55762e+06 4.96335e+06 4.39652e+06 3.82974e+06 3.29483e+06 2.82914e+06 2.41983e+06 2.03482e+06 1.66053e+06 1.308e+06 1.00016e+06 746358 540668 374287 244199 150464 87951.8 3673.51 2.02284e+06 2.46767e+06 4.01665e+06 5.4276e+06 6.6533e+06 7.80402e+06 8.78824e+06 9.56807e+06 1.01257e+07 1.0446e+07 1.0522e+07 1.03849e+07 1.00745e+07 9.59759e+06 8.96606e+06 8.27231e+06 7.61026e+06 6.9952e+06 6.37533e+06 5.73348e+06 5.1204e+06 4.53564e+06 3.95093e+06 3.39911e+06 2.91869e+06 2.49642e+06 2.09924e+06 1.7131e+06 1.34942e+06 1.03184e+06 769997 557795 386147 251939 155235 90741.4 3790.36 2.03733e+06 2.4855e+06 4.04574e+06 5.46696e+06 6.70163e+06 7.86079e+06 8.85217e+06 9.63767e+06 1.01994e+07 1.0522e+07 1.05987e+07 1.04606e+07 1.01479e+07 9.66755e+06 9.03142e+06 8.33262e+06 7.66576e+06 7.04624e+06 6.42185e+06 5.77532e+06 5.15776e+06 4.56875e+06 3.97977e+06 3.42392e+06 2.93999e+06 2.51465e+06 2.11458e+06 1.72562e+06 1.35929e+06 1.03939e+06 775632 561879 388977 253786 156374 91408.1 3818.47 2.01072e+06 2.45307e+06 3.99297e+06 5.39568e+06 6.61426e+06 7.75834e+06 8.73682e+06 9.51208e+06 1.00665e+07 1.03849e+07 1.04606e+07 1.03243e+07 1.00157e+07 9.54161e+06 8.91377e+06 8.22408e+06 7.5659e+06 6.95445e+06 6.33821e+06 5.7001e+06 5.09059e+06 4.50924e+06 3.92794e+06 3.37932e+06 2.9017e+06 2.4819e+06 2.08704e+06 1.70315e+06 1.34159e+06 1.02586e+06 765535 554565 383914 250484 154339 90218.8 3768.86 1.95058e+06 2.37971e+06 3.87358e+06 5.23437e+06 6.41652e+06 7.5264e+06 8.47563e+06 9.22772e+06 9.76556e+06 1.00745e+07 1.01479e+07 1.00157e+07 9.7163e+06 9.2564e+06 8.64732e+06 7.97825e+06 7.33974e+06 6.74657e+06 6.14875e+06 5.52972e+06 4.93842e+06 4.37446e+06 3.81053e+06 3.27831e+06 2.81497e+06 2.40772e+06 2.02466e+06 1.65225e+06 1.30149e+06 995194 742655 537990 372440 242998 149727 87522.7 3656.27 1.85819e+06 2.26703e+06 3.6902e+06 4.98657e+06 6.11278e+06 7.17012e+06 8.07442e+06 8.79092e+06 9.30332e+06 9.59759e+06 9.66755e+06 9.54161e+06 9.2564e+06 8.81827e+06 8.23803e+06 7.60063e+06 6.99234e+06 6.42725e+06 5.85772e+06 5.26799e+06 4.70468e+06 4.16741e+06 3.63018e+06 3.12315e+06 2.68174e+06 2.29376e+06 1.92883e+06 1.57405e+06 1.2399e+06 948095 707508 512530 354815 231499 142642 83381.4 3483.32 1.73584e+06 2.11781e+06 3.44732e+06 4.65841e+06 5.71051e+06 6.69828e+06 7.54308e+06 8.21244e+06 8.69114e+06 8.96606e+06 9.03142e+06 8.91377e+06 8.64732e+06 8.23803e+06 7.69599e+06 7.10053e+06 6.53227e+06 6.00435e+06 5.4723e+06 4.92137e+06 4.39513e+06 3.89321e+06 3.39133e+06 2.91767e+06 2.50529e+06 2.14285e+06 1.80193e+06 1.47049e+06 1.15832e+06 885720 660962 478812 331473 216270 133259 77896.7 3254.27 1.60143e+06 1.95388e+06 3.18052e+06 4.29791e+06 5.26863e+06 6.17996e+06 6.95939e+06 7.57695e+06 8.01863e+06 8.27231e+06 8.33262e+06 8.22408e+06 7.97825e+06 7.60063e+06 7.10053e+06 6.55115e+06 6.02686e+06 5.53979e+06 5.0489e+06 4.5406e+06 4.05508e+06 3.59199e+06 3.12894e+06 2.69193e+06 2.31147e+06 1.97706e+06 1.66252e+06 1.35673e+06 1.06871e+06 817199 609829 441771 305832 199541 122951 71871.7 3002.65 1.47319e+06 1.79747e+06 2.92593e+06 3.95389e+06 4.84694e+06 5.68534e+06 6.40239e+06 6.97052e+06 7.37685e+06 7.61026e+06 7.66576e+06 7.5659e+06 7.33974e+06 6.99234e+06 6.53227e+06 6.02686e+06 5.54455e+06 5.09646e+06 4.64485e+06 4.17723e+06 3.73056e+06 3.30454e+06 2.87854e+06 2.47651e+06 2.12649e+06 1.81885e+06 1.52948e+06 1.24816e+06 983191 751806 561030 406421 281360 183575 113114 66121.2 2762.48 1.35409e+06 1.65218e+06 2.68943e+06 3.63431e+06 4.4552e+06 5.22586e+06 5.88495e+06 6.40717e+06 6.78065e+06 6.9952e+06 7.04624e+06 6.95445e+06 6.74657e+06 6.42725e+06 6.00435e+06 5.53979e+06 5.09646e+06 4.68459e+06 4.26948e+06 3.83965e+06 3.42908e+06 3.03748e+06 2.64592e+06 2.27637e+06 1.95464e+06 1.67186e+06 1.40588e+06 1.14729e+06 903739 691052 515693 373579 258624 168741 103974 60778.4 2539.31 1.23407e+06 1.50575e+06 2.45109e+06 3.31224e+06 4.06038e+06 4.76276e+06 5.36346e+06 5.8394e+06 6.17979e+06 6.37533e+06 6.42185e+06 6.33821e+06 6.14875e+06 5.85772e+06 5.4723e+06 5.0489e+06 4.64485e+06 4.26948e+06 3.89116e+06 3.49942e+06 3.12522e+06 2.76833e+06 2.41146e+06 2.07466e+06 1.78144e+06 1.52372e+06 1.28131e+06 1.04563e+06 823662 629821 470000 340478 235709 153790 94761.4 55393.4 2314.36 1.10981e+06 1.35414e+06 2.20431e+06 2.97877e+06 3.65159e+06 4.28326e+06 4.82348e+06 5.2515e+06 5.55762e+06 5.73348e+06 5.77532e+06 5.7001e+06 5.52972e+06 5.26799e+06 4.92137e+06 4.5406e+06 4.17723e+06 3.83965e+06 3.49942e+06 3.14712e+06 2.81059e+06 2.48963e+06 2.16869e+06 1.86579e+06 1.60209e+06 1.37032e+06 1.15231e+06 940365 740741 566415 422684 306201 211980 138308 85221.8 49817 2081.39 991140 1.20935e+06 1.96861e+06 2.66025e+06 3.26113e+06 3.82525e+06 4.3077e+06 4.68996e+06 4.96335e+06 5.1204e+06 5.15776e+06 5.09059e+06 4.93842e+06 4.70468e+06 4.39513e+06 4.05508e+06 3.73056e+06 3.42908e+06 3.12522e+06 2.81059e+06 2.51006e+06 2.22341e+06 1.93679e+06 1.66629e+06 1.43078e+06 1.22379e+06 1.02909e+06 839812 661534 505848 377486 273459 189313 123519 76109 44490.1 1858.83 877923 1.07122e+06 1.74377e+06 2.35643e+06 2.88869e+06 3.38839e+06 3.81574e+06 4.15435e+06 4.39652e+06 4.53564e+06 4.56875e+06 4.50924e+06 4.37446e+06 4.16741e+06 3.89321e+06 3.59199e+06 3.30454e+06 3.03748e+06 2.76833e+06 2.48963e+06 2.22341e+06 1.96951e+06 1.71562e+06 1.476e+06 1.26739e+06 1.08404e+06 911576 743910 585990 448084 334380 242232 167695 109414 67418.4 39409.9 1646.6 764709 933099 1.51895e+06 2.05263e+06 2.51628e+06 2.95156e+06 3.32382e+06 3.61878e+06 3.82974e+06 3.95093e+06 3.97977e+06 3.92794e+06 3.81053e+06 3.63018e+06 3.39133e+06 3.12894e+06 2.87854e+06 2.64592e+06 2.41146e+06 2.16869e+06 1.93679e+06 1.71562e+06 1.49446e+06 1.28573e+06 1.10401e+06 944295 794067 648015 510453 390324 291277 211008 146079 95310.9 58728.5 34330.3 1434.4 657876 802757 1.30678e+06 1.76593e+06 2.16482e+06 2.5393e+06 2.85957e+06 3.11333e+06 3.29483e+06 3.39911e+06 3.42392e+06 3.37932e+06 3.27831e+06 3.12315e+06 2.91767e+06 2.69193e+06 2.47651e+06 2.27637e+06 2.07466e+06 1.86579e+06 1.66629e+06 1.476e+06 1.28573e+06 1.10616e+06 949820 812410 683164 557511 439162 335810 250597 181538 125678 82000.1 50526.8 29535.9 1234.11 564877 689289 1.12207e+06 1.51632e+06 1.85884e+06 2.1804e+06 2.4554e+06 2.6733e+06 2.82914e+06 2.91869e+06 2.93999e+06 2.9017e+06 2.81497e+06 2.68174e+06 2.50529e+06 2.31147e+06 2.12649e+06 1.95464e+06 1.78144e+06 1.60209e+06 1.43078e+06 1.26739e+06 1.10401e+06 949820 815578 697590 586610 478716 377094 288350 215180 155882 107916 70411.2 43386 25361.8 1059.71 483128 589550 959718 1.29693e+06 1.5899e+06 1.86494e+06 2.10016e+06 2.28653e+06 2.41983e+06 2.49642e+06 2.51465e+06 2.4819e+06 2.40772e+06 2.29376e+06 2.14285e+06 1.97706e+06 1.81885e+06 1.67186e+06 1.52372e+06 1.37032e+06 1.22379e+06 1.08404e+06 944295 812410 697590 596671 501747 409463 322542 246636 184052 133332 92304.9 60225.7 37110 21693.2 906.449 406229 495732 807004 1.09057e+06 1.33693e+06 1.56822e+06 1.76601e+06 1.92273e+06 2.03482e+06 2.09924e+06 2.11458e+06 2.08704e+06 2.02466e+06 1.92883e+06 1.80193e+06 1.66252e+06 1.52948e+06 1.40588e+06 1.28131e+06 1.15231e+06 1.02909e+06 911576 794067 683164 586610 501747 421926 344324 271232 207401 154773 112122 77621.6 50645.6 31207.1 18242.6 762.301 331471 404523 658538 889946 1.091e+06 1.27975e+06 1.44116e+06 1.56905e+06 1.66053e+06 1.7131e+06 1.72562e+06 1.70315e+06 1.65225e+06 1.57405e+06 1.47049e+06 1.35673e+06 1.24816e+06 1.14729e+06 1.04563e+06 940365 839812 743910 648015 557511 478716 409463 344324 280995 221347 169256 126308 91501 63346.3 41331.7 25468.1 14887.9 622.155 261073 318628 518715 700999 859373 1.00805e+06 1.1352e+06 1.23594e+06 1.308e+06 1.34942e+06 1.35929e+06 1.34159e+06 1.30149e+06 1.2399e+06 1.15832e+06 1.06871e+06 983191 903739 823662 740741 661534 585990 510453 439162 377094 322542 271232 221347 174361 133328 99496.5 72078.4 49900.3 32558.8 20062.5 11728 490.132 199615 243630 396627 536012 657116 770805 868027 945060 1.00016e+06 1.03184e+06 1.03939e+06 1.02586e+06 995194 948095 885720 817199 751806 691052 629821 566415 505848 448084 390324 335810 288350 246636 207401 169256 133328 101952 76082 55116.3 38157.5 24897 15341.4 8968.21 374.812 148950 181799 295971 399987 490360 575200 647751 705236 746358 769997 775632 765535 742655 707508 660962 609829 561030 515693 470000 422684 377486 334380 291277 250597 215180 184052 154773 126308 99496.5 76082 56776.5 41130.9 28475.4 18579.7 11448.8 6692.68 279.721 107889 131690 214397 289748 355217 416678 469235 510878 540668 557795 561879 554565 537990 512530 478812 441771 406421 373579 340478 306201 273459 242232 211008 181538 155882 133332 112122 91501 72078.4 55116.3 41130.9 29796.8 20628.7 13460 8294.05 4848.55 202.657 74675 91157.1 148412 200577 245902 288450 324834 353663 374287 386147 388977 383914 372440 354815 331473 305832 281360 258624 235709 211980 189313 167695 146079 125678 107916 92304.9 77621.6 63346.3 49900.3 38157.5 28475.4 20628.7 14281.7 9318.72 5742.27 3356.86 140.322 48710.8 59468.3 96823.7 130859 160432 188193 211932 230741 244199 251939 253786 250484 242998 231499 216270 199541 183575 168741 153790 138308 123519 109414 95310.9 82000.1 70411.2 60225.7 50645.6 41331.7 32558.8 24897 18579.7 13460 9318.72 6080.47 3746.89 2190.4 91.5722 30007.1 36638 59654.6 80626.2 98849.2 115955 130581 142171 150464 155235 156374 154339 149727 142642 133259 122951 113114 103974 94761.4 85221.8 76109 67418.4 58728.5 50526.8 43386 37110 31207.1 25468.1 20062.5 15341.4 11448.8 8294.05 5742.27 3746.89 2308.92 1349.8 56.4361 17536.9 21414.3 34868.4 47127.4 57780.2 67779.5 76329.3 83103.9 87951.8 90741.4 91408.1 90218.8 87522.7 83381.4 77896.7 71871.7 66121.2 60778.4 55393.4 49817 44490.1 39409.9 34330.3 29535.9 25361.8 21693.2 18242.6 14887.9 11728 8968.21 6692.68 4848.55 3356.86 2190.4 1349.8 789.099 32.9964 731.105 893.612 1455.54 1967.71 2412.91 2830.73 3187.87 3470.87 3673.51 3790.36 3818.47 3768.86 3656.27 3483.32 3254.27 3002.65 2762.48 2539.31 2314.36 2081.39 1858.83 1646.6 1434.4 1234.11 1059.71 906.449 762.301 622.155 490.132 374.812 279.721 202.657 140.322 91.5722 56.4361 32.9964 1.38118 
