0.00034099 0.000304476 0.00022366 0.000176616 0.000154469 0.000135891 0.000123788 0.000116997 9.82255e-05 7.78868e-05 6.65689e-05 4.95819e-05 3.13309e-05 8.51385e-06 -1.89504e-05 -3.62171e-05 -4.8213e-05 -4.77044e-05 -5.87116e-05 -9.99311e-05 -0.000135783 -0.000144538 -0.000161793 -0.000188134 -0.000222415 -0.000234474 -0.000261986 -0.000338448 -0.00041933 -0.000463843 -0.000508874 -0.00062888 -0.000759114 -0.000924452 -0.00107046 -0.00123378 -0.00159171 0.000304476 0.000271953 0.000199791 0.000157776 0.000137993 0.000121395 0.000110583 0.000104523 8.77629e-05 6.95693e-05 5.94409e-05 4.42663e-05 2.79739e-05 7.63493e-06 -1.68968e-05 -3.23306e-05 -4.30434e-05 -4.25953e-05 -5.2415e-05 -8.92164e-05 -0.000121298 -0.000129123 -0.000144524 -0.000168059 -0.000198686 -0.000209498 -0.000234038 -0.000302319 -0.000374632 -0.000414485 -0.000454619 -0.000561915 -0.000678368 -0.000826099 -0.000956834 -0.00110295 -0.00142324 0.00022366 0.000199791 0.000146784 0.000115917 0.000101381 8.91862e-05 8.12406e-05 7.67902e-05 6.44792e-05 5.11066e-05 4.3662e-05 3.2515e-05 2.05513e-05 5.61963e-06 -1.24021e-05 -2.37442e-05 -3.16144e-05 -3.1287e-05 -3.85008e-05 -6.55362e-05 -8.91184e-05 -9.4868e-05 -0.000106175 -0.00012347 -0.000145972 -0.000153922 -0.000171944 -0.000222104 -0.000275248 -0.000304537 -0.000334011 -0.000412861 -0.000498443 -0.000606989 -0.000703096 -0.000810486 -0.00104592 0.000176616 0.000157776 0.000115917 9.15465e-05 8.00706e-05 7.04388e-05 6.41654e-05 6.06542e-05 5.09349e-05 4.03648e-05 3.44771e-05 2.56709e-05 1.62229e-05 4.44193e-06 -9.79464e-06 -1.8752e-05 -2.49649e-05 -2.47056e-05 -3.03973e-05 -5.17379e-05 -7.03776e-05 -7.49244e-05 -8.38569e-05 -9.75122e-05 -0.000115288 -0.000121583 -0.000135803 -0.000175404 -0.000217381 -0.000240545 -0.000263795 -0.000326097 -0.000393719 -0.000479432 -0.000555405 -0.000640269 -0.00082635 0.000154469 0.000137993 0.000101381 8.00706e-05 7.00367e-05 6.16122e-05 5.61267e-05 5.30579e-05 4.45589e-05 3.53085e-05 3.01533e-05 2.24485e-05 1.41837e-05 3.88585e-06 -8.56986e-06 -1.64036e-05 -2.18356e-05 -2.16078e-05 -2.65817e-05 -4.52389e-05 -6.15509e-05 -6.55327e-05 -7.33497e-05 -8.52901e-05 -0.000100842 -0.000106358 -0.000118787 -0.000153416 -0.000190132 -0.000210415 -0.000230732 -0.000285241 -0.000344407 -0.000419364 -0.000485853 -0.000560111 -0.000722954 0.000135891 0.000121395 8.91862e-05 7.04388e-05 6.16122e-05 5.42017e-05 4.93769e-05 4.66773e-05 3.91992e-05 3.10628e-05 2.65284e-05 1.97498e-05 1.24768e-05 3.41532e-06 -7.54145e-06 -1.44322e-05 -1.92112e-05 -1.90109e-05 -2.33859e-05 -3.9799e-05 -5.41467e-05 -5.7649e-05 -6.45275e-05 -7.50301e-05 -8.87099e-05 -9.35613e-05 -0.000104497 -0.000134962 -0.00016726 -0.000185106 -0.000202976 -0.000250923 -0.000302968 -0.00036891 -0.000427402 -0.000492728 -0.000635967 0.000123788 0.000110583 8.12406e-05 6.41654e-05 5.61267e-05 4.93769e-05 4.49838e-05 4.2526e-05 3.57135e-05 2.82999e-05 2.41674e-05 1.79906e-05 1.13622e-05 3.10808e-06 -6.8739e-06 -1.31499e-05 -1.75029e-05 -1.73201e-05 -2.13029e-05 -3.62505e-05 -4.93226e-05 -5.25146e-05 -5.87845e-05 -6.83482e-05 -8.08106e-05 -8.52334e-05 -9.51923e-05 -0.000122943 -0.000152362 -0.000168635 -0.000184902 -0.000228581 -0.000275998 -0.000336062 -0.000389366 -0.000448888 -0.000579394 0.000116997 0.000104523 7.67902e-05 6.06542e-05 5.30579e-05 4.66773e-05 4.2526e-05 4.02058e-05 3.37685e-05 2.67535e-05 2.28412e-05 1.70007e-05 1.07354e-05 2.94098e-06 -6.49732e-06 -1.243e-05 -1.65432e-05 -1.63705e-05 -2.01314e-05 -3.42529e-05 -4.66207e-05 -4.96422e-05 -5.5571e-05 -6.46092e-05 -7.6393e-05 -8.0584e-05 -8.99885e-05 -0.000116212 -0.000144027 -0.000159435 -0.000174792 -0.000216101 -0.000260948 -0.000317718 -0.000368162 -0.000424466 -0.000547936 9.82255e-05 8.77629e-05 6.44792e-05 5.09349e-05 4.45589e-05 3.91992e-05 3.57135e-05 3.37685e-05 2.83687e-05 2.24665e-05 1.91713e-05 1.42645e-05 9.00791e-06 2.47806e-06 -5.45223e-06 -1.04345e-05 -1.38852e-05 -1.37386e-05 -1.68928e-05 -2.87404e-05 -3.91456e-05 -4.1691e-05 -4.66685e-05 -5.42579e-05 -6.41605e-05 -6.7697e-05 -7.55792e-05 -9.75831e-05 -0.00012095 -0.000133914 -0.000146791 -0.000181518 -0.000219217 -0.000266874 -0.000309298 -0.000356628 -0.000460475 7.78868e-05 6.95693e-05 5.11066e-05 4.03648e-05 3.53085e-05 3.10628e-05 2.82999e-05 2.67535e-05 2.24665e-05 1.78057e-05 1.52077e-05 1.13216e-05 7.14855e-06 1.95064e-06 -4.32974e-06 -8.27667e-06 -1.10153e-05 -1.09001e-05 -1.34053e-05 -2.28088e-05 -3.10263e-05 -3.30341e-05 -3.69825e-05 -4.29973e-05 -5.08362e-05 -5.36156e-05 -5.98836e-05 -7.73443e-05 -9.58443e-05 -0.000106079 -0.000116315 -0.000143785 -0.000173602 -0.000211385 -0.000244897 -0.000282326 -0.000364379 6.65689e-05 5.94409e-05 4.3662e-05 3.44771e-05 3.01533e-05 2.65284e-05 2.41674e-05 2.28412e-05 1.91713e-05 1.52077e-05 1.30045e-05 9.68944e-06 6.11929e-06 1.65421e-06 -3.70424e-06 -7.07499e-06 -9.41929e-06 -9.32327e-06 -1.14707e-05 -1.95205e-05 -2.6508e-05 -2.82106e-05 -3.15846e-05 -3.67243e-05 -4.341e-05 -4.57553e-05 -5.1133e-05 -6.6074e-05 -8.1859e-05 -9.05532e-05 -9.93371e-05 -0.000122743 -0.000148147 -0.00018044 -0.000208947 -0.000240824 -0.000310634 4.95819e-05 4.42663e-05 3.2515e-05 2.56709e-05 2.24485e-05 1.97498e-05 1.79906e-05 1.70007e-05 1.42645e-05 1.13216e-05 9.68944e-06 7.22464e-06 4.56528e-06 1.22868e-06 -2.75849e-06 -5.26926e-06 -7.01752e-06 -6.94826e-06 -8.55147e-06 -1.45543e-05 -1.97418e-05 -2.10024e-05 -2.35143e-05 -2.73441e-05 -3.23169e-05 -3.40483e-05 -3.80637e-05 -4.92026e-05 -6.09502e-05 -6.73977e-05 -7.39606e-05 -9.13625e-05 -0.000110246 -0.000134306 -0.000155478 -0.000179167 -0.000231021 3.13309e-05 2.79739e-05 2.05513e-05 1.62229e-05 1.41837e-05 1.24768e-05 1.13622e-05 1.07354e-05 9.00791e-06 7.14855e-06 6.11929e-06 4.56528e-06 2.89195e-06 7.84497e-07 -1.7352e-06 -3.32448e-06 -4.42983e-06 -4.38691e-06 -5.40466e-06 -9.20272e-06 -1.24796e-05 -1.32741e-05 -1.48547e-05 -1.72812e-05 -2.04242e-05 -2.1513e-05 -2.40527e-05 -3.10926e-05 -3.85203e-05 -4.25707e-05 -4.67403e-05 -5.77375e-05 -6.96644e-05 -8.48736e-05 -9.82245e-05 -0.00011317 -0.000145912 8.51385e-06 7.63493e-06 5.61963e-06 4.44193e-06 3.88585e-06 3.41532e-06 3.10808e-06 2.94098e-06 2.47806e-06 1.95064e-06 1.65421e-06 1.22868e-06 7.84497e-07 2.39199e-07 -4.56327e-07 -8.96554e-07 -1.1946e-06 -1.18271e-06 -1.4559e-06 -2.48001e-06 -3.41287e-06 -3.64041e-06 -4.06344e-06 -4.73299e-06 -5.60273e-06 -5.92974e-06 -6.59921e-06 -8.49894e-06 -1.05614e-05 -1.17064e-05 -1.28136e-05 -1.58932e-05 -1.92271e-05 -2.33852e-05 -2.71676e-05 -3.13618e-05 -4.06482e-05 -1.89504e-05 -1.68968e-05 -1.24021e-05 -9.79464e-06 -8.56986e-06 -7.54145e-06 -6.8739e-06 -6.49732e-06 -5.45223e-06 -4.32974e-06 -3.70424e-06 -2.75849e-06 -1.7352e-06 -4.56327e-07 1.06952e-06 2.02233e-06 2.68771e-06 2.65755e-06 3.26545e-06 5.55001e-06 7.52536e-06 8.01231e-06 8.98264e-06 1.04357e-05 1.2336e-05 1.30005e-05 1.45329e-05 1.87799e-05 2.32452e-05 2.57209e-05 2.82168e-05 3.48501e-05 4.20504e-05 5.12063e-05 5.92634e-05 6.8292e-05 8.80381e-05 -3.62171e-05 -3.23306e-05 -2.37442e-05 -1.8752e-05 -1.64036e-05 -1.44322e-05 -1.31499e-05 -1.243e-05 -1.04345e-05 -8.27667e-06 -7.07499e-06 -5.26926e-06 -3.32448e-06 -8.96554e-07 2.02233e-06 3.85391e-06 5.12741e-06 5.07321e-06 6.23776e-06 1.06098e-05 1.44125e-05 1.53435e-05 1.7185e-05 1.99768e-05 2.36158e-05 2.48979e-05 2.78194e-05 3.59408e-05 4.45202e-05 4.92637e-05 5.40311e-05 6.67679e-05 8.05902e-05 9.8141e-05 0.000113652 0.000130999 0.000168994 -4.8213e-05 -4.30434e-05 -3.16144e-05 -2.49649e-05 -2.18356e-05 -1.92112e-05 -1.75029e-05 -1.65432e-05 -1.38852e-05 -1.10153e-05 -9.41929e-06 -7.01752e-06 -4.42983e-06 -1.1946e-06 2.68771e-06 5.12741e-06 6.82478e-06 6.75413e-06 8.30737e-06 1.41337e-05 1.91918e-05 2.04268e-05 2.28744e-05 2.65935e-05 3.14354e-05 3.31349e-05 3.70295e-05 4.78478e-05 5.92722e-05 6.55735e-05 7.19309e-05 8.88768e-05 0.000107269 0.000130646 0.000151283 0.000174362 0.0002249 -4.77044e-05 -4.25953e-05 -3.1287e-05 -2.47056e-05 -2.16078e-05 -1.90109e-05 -1.73201e-05 -1.63705e-05 -1.37386e-05 -1.09001e-05 -9.32327e-06 -6.94826e-06 -4.38691e-06 -1.18271e-06 2.65755e-06 5.07321e-06 6.75413e-06 6.68714e-06 8.22471e-06 1.39922e-05 1.89948e-05 2.0213e-05 2.26352e-05 2.63169e-05 3.11056e-05 3.27833e-05 3.66388e-05 4.7351e-05 5.86601e-05 6.48965e-05 7.11866e-05 8.79525e-05 0.000106149 0.000129295 0.00014973 0.000172572 0.00022258 -5.87116e-05 -5.2415e-05 -3.85008e-05 -3.03973e-05 -2.65817e-05 -2.33859e-05 -2.13029e-05 -2.01314e-05 -1.68928e-05 -1.34053e-05 -1.14707e-05 -8.55147e-06 -5.40466e-06 -1.4559e-06 3.26545e-06 6.23776e-06 8.30737e-06 8.22471e-06 1.01259e-05 1.72339e-05 2.33777e-05 2.4871e-05 2.78436e-05 3.23786e-05 3.82702e-05 4.03195e-05 4.50732e-05 5.82596e-05 7.21689e-05 7.97991e-05 8.75788e-05 0.000108185 0.000130549 0.000159026 0.000184088 0.000212127 0.000273515 -9.99311e-05 -8.92164e-05 -6.55362e-05 -5.17379e-05 -4.52389e-05 -3.9799e-05 -3.62505e-05 -3.42529e-05 -2.87404e-05 -2.28088e-05 -1.95205e-05 -1.45543e-05 -9.20272e-06 -2.48001e-06 5.55001e-06 1.06098e-05 1.41337e-05 1.39922e-05 1.72339e-05 2.93433e-05 3.97969e-05 4.23338e-05 4.73828e-05 5.51058e-05 6.51309e-05 6.86103e-05 7.67086e-05 9.91566e-05 0.000122834 0.000135787 0.000149053 0.000184112 0.000222165 0.000270646 0.000313257 0.00036095 0.000465363 -0.000135783 -0.000121298 -8.91184e-05 -7.03776e-05 -6.15509e-05 -5.41467e-05 -4.93226e-05 -4.66207e-05 -3.91456e-05 -3.10263e-05 -2.6508e-05 -1.97418e-05 -1.24796e-05 -3.41287e-06 7.52536e-06 1.44125e-05 1.91918e-05 1.89948e-05 2.33777e-05 3.97969e-05 5.41146e-05 5.75999e-05 6.44606e-05 7.49607e-05 8.8622e-05 9.34432e-05 0.000104386 0.000134844 0.000167112 0.000184886 0.00020279 0.000250657 0.000302619 0.000368526 0.000426882 0.00049207 0.000634984 -0.000144538 -0.000129123 -9.4868e-05 -7.49244e-05 -6.55327e-05 -5.7649e-05 -5.25146e-05 -4.96422e-05 -4.1691e-05 -3.30341e-05 -2.82106e-05 -2.10024e-05 -1.32741e-05 -3.64041e-06 8.01231e-06 1.53435e-05 2.04268e-05 2.0213e-05 2.4871e-05 4.23338e-05 5.75999e-05 6.1325e-05 6.86316e-05 7.98072e-05 9.43597e-05 9.95178e-05 0.000111149 0.00014355 0.00017791 0.000196872 0.000215899 0.000266905 0.000322269 0.00039241 0.000454608 0.000524076 0.00067643 -0.000161793 -0.000144524 -0.000106175 -8.38569e-05 -7.33497e-05 -6.45275e-05 -5.87845e-05 -5.5571e-05 -4.66685e-05 -3.69825e-05 -3.15846e-05 -2.35143e-05 -1.48547e-05 -4.06344e-06 8.98264e-06 1.7185e-05 2.28744e-05 2.26352e-05 2.78436e-05 4.73828e-05 6.44606e-05 6.86316e-05 7.68238e-05 8.93255e-05 0.000105612 0.000111386 0.000124405 0.000160674 0.000199117 0.000220361 0.000241642 0.000298719 0.000360672 0.000439168 0.000508782 0.000586532 0.000757017 -0.000188134 -0.000168059 -0.00012347 -9.75122e-05 -8.52901e-05 -7.50301e-05 -6.83482e-05 -6.46092e-05 -5.42579e-05 -4.29973e-05 -3.67243e-05 -2.73441e-05 -1.72812e-05 -4.73299e-06 1.04357e-05 1.99768e-05 2.65935e-05 2.63169e-05 3.23786e-05 5.51058e-05 7.49607e-05 7.98072e-05 8.93255e-05 0.000103871 0.000122809 0.000129515 0.000144659 0.000186837 0.000231546 0.000256222 0.00028099 0.000347358 0.000419388 0.000510678 0.000591596 0.000681985 0.000880203 -0.000222415 -0.000198686 -0.000145972 -0.000115288 -0.000100842 -8.87099e-05 -8.08106e-05 -7.6393e-05 -6.41605e-05 -5.08362e-05 -4.341e-05 -3.23169e-05 -2.04242e-05 -5.60273e-06 1.2336e-05 2.36158e-05 3.14354e-05 3.11056e-05 3.82702e-05 6.51309e-05 8.8622e-05 9.43597e-05 0.000105612 0.000122809 0.000145208 0.000153153 0.000171043 0.000220892 0.000273755 0.000302948 0.00033222 0.000410718 0.000495913 0.000603822 0.00069953 0.000806428 0.0010409 -0.000234474 -0.000209498 -0.000153922 -0.000121583 -0.000106358 -9.35613e-05 -8.52334e-05 -8.0584e-05 -6.7697e-05 -5.36156e-05 -4.57553e-05 -3.40483e-05 -2.1513e-05 -5.92974e-06 1.30005e-05 2.48979e-05 3.31349e-05 3.27833e-05 4.03195e-05 6.86103e-05 9.34432e-05 9.95178e-05 0.000111386 0.000129515 0.000153153 0.000161591 0.000180412 0.000232934 0.000288716 0.000319608 0.00035038 0.000433276 0.000523243 0.000637016 0.000738193 0.000851132 0.00109897 -0.000261986 -0.000234038 -0.000171944 -0.000135803 -0.000118787 -0.000104497 -9.51923e-05 -8.99885e-05 -7.55792e-05 -5.98836e-05 -5.1133e-05 -3.80637e-05 -2.40527e-05 -6.59921e-06 1.45329e-05 2.78194e-05 3.70295e-05 3.66388e-05 4.50732e-05 7.67086e-05 0.000104386 0.000111149 0.000124405 0.000144659 0.000171043 0.000180412 0.000201484 0.000260198 0.00032247 0.000356875 0.000391332 0.000483807 0.000584171 0.000711283 0.000824049 0.000950007 0.00122627 -0.000338448 -0.000302319 -0.000222104 -0.000175404 -0.000153416 -0.000134962 -0.000122943 -0.000116212 -9.75831e-05 -7.73443e-05 -6.6074e-05 -4.92026e-05 -3.10926e-05 -8.49894e-06 1.87799e-05 3.59408e-05 4.78478e-05 4.7351e-05 5.82596e-05 9.91566e-05 0.000134844 0.00014355 0.000160674 0.000186837 0.000220892 0.000232934 0.000260198 0.000336095 0.0004165 0.000460854 0.000505429 0.000624754 0.000754265 0.000918496 0.00106396 0.00122649 0.0015828 -0.00041933 -0.000374632 -0.000275248 -0.000217381 -0.000190132 -0.00016726 -0.000152362 -0.000144027 -0.00012095 -9.58443e-05 -8.1859e-05 -6.09502e-05 -3.85203e-05 -1.05614e-05 2.32452e-05 4.45202e-05 5.92722e-05 5.86601e-05 7.21689e-05 0.000122834 0.000167112 0.00017791 0.000199117 0.000231546 0.000273755 0.000288716 0.00032247 0.0004165 0.000516203 0.00057124 0.00062641 0.00077438 0.000934985 0.00113853 0.00131905 0.00152065 0.00196273 -0.000463843 -0.000414485 -0.000304537 -0.000240545 -0.000210415 -0.000185106 -0.000168635 -0.000159435 -0.000133914 -0.000106079 -9.05532e-05 -6.73977e-05 -4.25707e-05 -1.17064e-05 2.57209e-05 4.92637e-05 6.55735e-05 6.48965e-05 7.97991e-05 0.000135787 0.000184886 0.000196872 0.000220361 0.000256222 0.000302948 0.000319608 0.000356875 0.000460854 0.00057124 0.000632403 0.000693217 0.000857141 0.00103508 0.00126029 0.0014606 0.00168412 0.00217436 -0.000508874 -0.000454619 -0.000334011 -0.000263795 -0.000230732 -0.000202976 -0.000184902 -0.000174792 -0.000146791 -0.000116315 -9.93371e-05 -7.39606e-05 -4.67403e-05 -1.28136e-05 2.82168e-05 5.40311e-05 7.19309e-05 7.11866e-05 8.75788e-05 0.000149053 0.00020279 0.000215899 0.000241642 0.00028099 0.00033222 0.00035038 0.000391332 0.000505429 0.00062641 0.000693217 0.00076017 0.000939745 0.00113466 0.00138164 0.0016007 0.00184534 0.00238182 -0.00062888 -0.000561915 -0.000412861 -0.000326097 -0.000285241 -0.000250923 -0.000228581 -0.000216101 -0.000181518 -0.000143785 -0.000122743 -9.13625e-05 -5.77375e-05 -1.58932e-05 3.48501e-05 6.67679e-05 8.88768e-05 8.79525e-05 0.000108185 0.000184112 0.000250657 0.000266905 0.000298719 0.000347358 0.000410718 0.000433276 0.000483807 0.000624754 0.00077438 0.000857141 0.000939745 0.00116196 0.00140315 0.00170841 0.00197967 0.00228245 0.00294673 -0.000759114 -0.000678368 -0.000498443 -0.000393719 -0.000344407 -0.000302968 -0.000275998 -0.000260948 -0.000219217 -0.000173602 -0.000148147 -0.000110246 -6.96644e-05 -1.92271e-05 4.20504e-05 8.05902e-05 0.000107269 0.000106149 0.000130549 0.000222165 0.000302619 0.000322269 0.000360672 0.000419388 0.000495913 0.000523243 0.000584171 0.000754265 0.000934985 0.00103508 0.00113466 0.00140315 0.00169457 0.00206309 0.00239106 0.00275698 0.00355998 -0.000924452 -0.000826099 -0.000606989 -0.000479432 -0.000419364 -0.00036891 -0.000336062 -0.000317718 -0.000266874 -0.000211385 -0.00018044 -0.000134306 -8.48736e-05 -2.33852e-05 5.12063e-05 9.8141e-05 0.000130646 0.000129295 0.000159026 0.000270646 0.000368526 0.00039241 0.000439168 0.000510678 0.000603822 0.000637016 0.000711283 0.000918496 0.00113853 0.00126029 0.00138164 0.00170841 0.00206309 0.00251197 0.00291107 0.00335644 0.00433352 -0.00107046 -0.000956834 -0.000703096 -0.000555405 -0.000485853 -0.000427402 -0.000389366 -0.000368162 -0.000309298 -0.000244897 -0.000208947 -0.000155478 -9.82245e-05 -2.71676e-05 5.92634e-05 0.000113652 0.000151283 0.00014973 0.000184088 0.000313257 0.000426882 0.000454608 0.000508782 0.000591596 0.00069953 0.000738193 0.000824049 0.00106396 0.00131905 0.0014606 0.0016007 0.00197967 0.00239106 0.00291107 0.00337472 0.00389162 0.00502591 -0.00123378 -0.00110295 -0.000810486 -0.000640269 -0.000560111 -0.000492728 -0.000448888 -0.000424466 -0.000356628 -0.000282326 -0.000240824 -0.000179167 -0.00011317 -3.13618e-05 6.8292e-05 0.000130999 0.000174362 0.000172572 0.000212127 0.00036095 0.00049207 0.000524076 0.000586532 0.000681985 0.000806428 0.000851132 0.000950007 0.00122649 0.00152065 0.00168412 0.00184534 0.00228245 0.00275698 0.00335644 0.00389162 0.00448808 0.00579708 -0.00159171 -0.00142324 -0.00104592 -0.00082635 -0.000722954 -0.000635967 -0.000579394 -0.000547936 -0.000460475 -0.000364379 -0.000310634 -0.000231021 -0.000145912 -4.06482e-05 8.80381e-05 0.000168994 0.0002249 0.00022258 0.000273515 0.000465363 0.000634984 0.00067643 0.000757017 0.000880203 0.0010409 0.00109897 0.00122627 0.0015828 0.00196273 0.00217436 0.00238182 0.00294673 0.00355998 0.00433352 0.00502591 0.00579708 0.0074904 
