0.00753478 0.00509384 0.00280782 0.00171342 0.00126322 0.00100144 0.00075534 0.000554433 0.000378738 0.00021029 3.95403e-05 -0.000104952 -0.000223329 -0.000359341 -0.000500062 -0.000572945 -0.000587267 -0.000610824 -0.000690952 -0.000779464 -0.000812943 -0.000893212 -0.00101365 -0.00108189 -0.00108602 -0.00113623 -0.0012815 -0.00151267 -0.00177012 -0.00196292 -0.0021277 -0.00235309 -0.00270934 -0.00313815 -0.00352768 -0.00384536 -0.00409553 0.00509384 0.003455 0.00190728 0.00116394 0.000857762 0.000680156 0.000513148 0.000376853 0.00025747 0.000142854 2.65586e-05 -7.16787e-05 -0.00015189 -0.000243933 -0.00033949 -0.000389014 -0.000398694 -0.000414592 -0.000468987 -0.000529404 -0.000552415 -0.000606751 -0.000688581 -0.000735109 -0.000737973 -0.0007719 -0.000870362 -0.00102742 -0.00120256 -0.00133393 -0.00144625 -0.00159962 -0.00184193 -0.0021341 -0.00239917 -0.00261554 -0.00278763 0.00280782 0.00190728 0.00105377 0.00064304 0.000473761 0.000375696 0.000283473 0.000208216 0.00014227 7.8942e-05 1.46501e-05 -3.96298e-05 -8.38997e-05 -0.000134672 -0.000187472 -0.000214861 -0.000220216 -0.000228975 -0.000259011 -0.000292452 -0.000305218 -0.000335175 -0.000380393 -0.00040615 -0.000407752 -0.000426447 -0.000480786 -0.000567564 -0.000664395 -0.000737079 -0.000799221 -0.000884001 -0.00101794 -0.00117962 -0.00132625 -0.00144598 -0.00154154 0.00171342 0.00116394 0.00064304 0.000392481 0.000289208 0.00022937 0.000173095 0.000127167 8.6903e-05 4.82296e-05 8.97979e-06 -2.41626e-05 -5.11993e-05 -8.22011e-05 -0.000114426 -0.000131137 -0.000134394 -0.000139729 -0.000158048 -0.000178453 -0.000186249 -0.00020454 -0.000232142 -0.000247866 -0.000248846 -0.000260247 -0.0002934 -0.000346354 -0.000405445 -0.000449812 -0.000487745 -0.000539479 -0.000621197 -0.000719827 -0.000809302 -0.000882401 -0.000940792 0.00126322 0.000857762 0.000473761 0.000289208 0.000213152 0.000169061 0.000127595 9.37485e-05 6.40723e-05 3.55692e-05 6.65268e-06 -1.77737e-05 -3.77142e-05 -6.05799e-05 -8.43269e-05 -9.66364e-05 -9.90307e-05 -0.000102958 -0.000116451 -0.000131471 -0.000137209 -0.000150699 -0.000171039 -0.000182622 -0.000183342 -0.000191744 -0.000216174 -0.000255186 -0.000298714 -0.000331394 -0.000359335 -0.000397439 -0.000457623 -0.000530237 -0.000596139 -0.000649995 -0.000692983 0.00100144 0.000680156 0.000375696 0.00022937 0.000169061 0.000134101 0.000101221 7.4382e-05 5.08417e-05 2.8229e-05 5.29121e-06 -1.40859e-05 -2.99051e-05 -4.80413e-05 -6.68757e-05 -7.66381e-05 -7.85336e-05 -8.16432e-05 -9.23381e-05 -0.000104251 -0.000108805 -0.000119503 -0.000135637 -0.000144827 -0.0001454 -0.000152058 -0.000171426 -0.000202363 -0.000236884 -0.000262809 -0.000284975 -0.000315192 -0.000362916 -0.000420501 -0.00047277 -0.000515501 -0.00054964 0.00075534 0.000513148 0.000283473 0.000173095 0.000127595 0.000101221 7.64158e-05 5.61652e-05 3.83958e-05 2.13239e-05 4.00966e-06 -1.06183e-05 -2.25615e-05 -3.62503e-05 -5.04643e-05 -5.78311e-05 -5.92578e-05 -6.15988e-05 -6.96634e-05 -7.86531e-05 -8.20939e-05 -9.0167e-05 -0.000102344 -0.000109283 -0.000109718 -0.000114736 -0.000129345 -0.000152686 -0.000178738 -0.000198308 -0.000215041 -0.000237841 -0.000273846 -0.000317295 -0.000356742 -0.000389007 -0.000414816 0.000554433 0.000376853 0.000208216 0.000127167 9.37485e-05 7.4382e-05 5.61652e-05 4.12926e-05 2.82331e-05 1.56813e-05 2.95348e-06 -7.79866e-06 -1.6575e-05 -2.663e-05 -3.70718e-05 -4.24823e-05 -4.35259e-05 -4.52403e-05 -5.11602e-05 -5.77674e-05 -6.03011e-05 -6.62311e-05 -7.51781e-05 -8.02803e-05 -8.06009e-05 -8.42815e-05 -9.50064e-05 -0.000112152 -0.000131292 -0.000145677 -0.000157978 -0.000174729 -0.000201175 -0.000233093 -0.000262075 -0.000285795 -0.000304812 0.000378738 0.00025747 0.00014227 8.6903e-05 6.40723e-05 5.08417e-05 3.83958e-05 2.82331e-05 1.93077e-05 1.07301e-05 2.0337e-06 -5.31552e-06 -1.13176e-05 -1.81931e-05 -2.53308e-05 -2.90297e-05 -2.97425e-05 -3.09114e-05 -3.49531e-05 -3.94657e-05 -4.11967e-05 -4.52491e-05 -5.13647e-05 -5.48538e-05 -5.50738e-05 -5.75865e-05 -6.49122e-05 -7.66264e-05 -8.97056e-05 -9.95385e-05 -0.000107945 -0.000119387 -0.000137453 -0.00015926 -0.000179069 -0.00019529 -0.000208297 0.00021029 0.000142854 7.8942e-05 4.82296e-05 3.55692e-05 2.8229e-05 2.13239e-05 1.56813e-05 1.07301e-05 5.98113e-06 1.16833e-06 -2.90864e-06 -6.25163e-06 -1.0082e-05 -1.40502e-05 -1.61098e-05 -1.65095e-05 -1.71561e-05 -1.93927e-05 -2.18858e-05 -2.28385e-05 -2.5088e-05 -2.8485e-05 -3.04245e-05 -3.05483e-05 -3.19409e-05 -3.6004e-05 -4.2501e-05 -4.97559e-05 -5.52113e-05 -5.98687e-05 -6.62038e-05 -7.6214e-05 -8.83026e-05 -9.93066e-05 -0.000108329 -0.000115518 3.95403e-05 2.65586e-05 1.46501e-05 8.97979e-06 6.65268e-06 5.29121e-06 4.00966e-06 2.95348e-06 2.0337e-06 1.16833e-06 2.98521e-07 -4.58725e-07 -1.10757e-06 -1.85292e-06 -2.60435e-06 -2.9989e-06 -3.07925e-06 -3.19501e-06 -3.59802e-06 -4.03775e-06 -4.19857e-06 -4.62171e-06 -5.25971e-06 -5.62502e-06 -5.65058e-06 -5.90696e-06 -6.65925e-06 -7.85925e-06 -9.19888e-06 -1.02078e-05 -1.10573e-05 -1.22043e-05 -1.4031e-05 -1.62383e-05 -1.82967e-05 -2.0009e-05 -2.12821e-05 -0.000104952 -7.16787e-05 -3.96298e-05 -2.41626e-05 -1.77737e-05 -1.40859e-05 -1.06183e-05 -7.79866e-06 -5.31552e-06 -2.90864e-06 -4.58725e-07 1.58583e-06 3.22002e-06 5.09055e-06 7.05895e-06 8.07342e-06 8.26506e-06 8.59741e-06 9.73981e-06 1.10254e-05 1.15266e-05 1.26482e-05 1.43411e-05 1.53046e-05 1.53621e-05 1.60661e-05 1.81104e-05 2.13808e-05 2.50315e-05 2.77722e-05 3.01302e-05 3.33536e-05 3.84259e-05 4.45454e-05 5.00401e-05 5.45039e-05 5.81899e-05 -0.000223329 -0.00015189 -8.38997e-05 -5.11993e-05 -3.77142e-05 -2.99051e-05 -2.25615e-05 -1.6575e-05 -1.13176e-05 -6.25163e-06 -1.10757e-06 3.22002e-06 6.72826e-06 1.07489e-05 1.4941e-05 1.71088e-05 1.75256e-05 1.8224e-05 2.06236e-05 2.3304e-05 2.43351e-05 2.67209e-05 3.03168e-05 3.23633e-05 3.24884e-05 3.3978e-05 3.83061e-05 4.522e-05 5.29342e-05 5.87251e-05 6.36874e-05 7.04612e-05 8.11453e-05 9.40312e-05 0.000105684 0.000115188 0.000122861 -0.000359341 -0.000243933 -0.000134672 -8.22011e-05 -6.05799e-05 -4.80413e-05 -3.62503e-05 -2.663e-05 -1.81931e-05 -1.0082e-05 -1.85292e-06 5.09055e-06 1.07489e-05 1.72382e-05 2.39809e-05 2.74716e-05 2.81481e-05 2.92683e-05 3.31108e-05 3.73873e-05 3.90225e-05 4.28596e-05 4.86374e-05 5.19236e-05 5.21256e-05 5.45186e-05 6.14687e-05 7.2561e-05 8.49324e-05 9.42161e-05 0.00010216 0.000113003 0.00013012 0.000150759 0.00016947 0.000184746 0.000196962 -0.000500062 -0.00033949 -0.000187472 -0.000114426 -8.43269e-05 -6.68757e-05 -5.04643e-05 -3.70718e-05 -2.53308e-05 -1.40502e-05 -2.60435e-06 7.05895e-06 1.4941e-05 2.39809e-05 3.33725e-05 3.82384e-05 3.91848e-05 4.07427e-05 4.60873e-05 5.2035e-05 5.4307e-05 5.96456e-05 6.76908e-05 7.22692e-05 7.25523e-05 7.58811e-05 8.55529e-05 0.000100992 0.000118214 0.00013114 0.000142195 0.00015728 0.000181104 0.000209838 0.000235902 0.000257188 0.000274183 -0.000572945 -0.000389014 -0.000214861 -0.000131137 -9.66364e-05 -7.66381e-05 -5.78311e-05 -4.24823e-05 -2.90297e-05 -1.61098e-05 -2.9989e-06 8.07342e-06 1.71088e-05 2.74716e-05 3.82384e-05 4.38203e-05 4.49088e-05 4.66937e-05 5.28167e-05 5.96306e-05 6.22317e-05 6.8347e-05 7.75685e-05 8.28186e-05 8.31444e-05 8.69577e-05 9.804e-05 0.000115733 0.000135473 0.000150289 0.000162958 0.000180241 0.000207542 0.000240483 0.000270368 0.000294777 0.000314249 -0.000587267 -0.000398694 -0.000220216 -0.000134394 -9.90307e-05 -7.85336e-05 -5.92578e-05 -4.35259e-05 -2.97425e-05 -1.65095e-05 -3.07925e-06 8.26506e-06 1.75256e-05 2.81481e-05 3.91848e-05 4.49088e-05 4.60279e-05 4.78587e-05 5.41341e-05 6.11147e-05 6.37769e-05 7.00428e-05 7.94938e-05 8.48746e-05 8.52087e-05 8.9118e-05 0.000100477 0.000118611 0.000138841 0.000154024 0.000167003 0.000184713 0.000212694 0.000246457 0.000277092 0.00030211 0.000322043 -0.000610824 -0.000414592 -0.000228975 -0.000139729 -0.000102958 -8.16432e-05 -6.15988e-05 -4.52403e-05 -3.09114e-05 -1.71561e-05 -3.19501e-06 8.59741e-06 1.8224e-05 2.92683e-05 4.07427e-05 4.66937e-05 4.78587e-05 4.97649e-05 5.62921e-05 6.35491e-05 6.63147e-05 7.28302e-05 8.26555e-05 8.82477e-05 8.85941e-05 9.26616e-05 0.000104475 0.00012333 0.000144363 0.000160145 0.000173636 0.00019205 0.000221143 0.000256247 0.000288094 0.000314095 0.000334795 -0.000690952 -0.000468987 -0.000259011 -0.000158048 -0.000116451 -9.23381e-05 -6.96634e-05 -5.11602e-05 -3.49531e-05 -1.93927e-05 -3.59802e-06 9.73981e-06 2.06236e-05 3.31108e-05 4.60873e-05 5.28167e-05 5.41341e-05 5.62921e-05 6.36786e-05 7.18906e-05 7.50205e-05 8.23899e-05 9.35021e-05 9.98257e-05 0.000100217 0.000104819 0.000118184 0.000139513 0.000163305 0.000181155 0.000196417 0.00021725 0.000250166 0.000289878 0.000325897 0.000355298 0.000378711 -0.000779464 -0.000529404 -0.000292452 -0.000178453 -0.000131471 -0.000104251 -7.86531e-05 -5.77674e-05 -3.94657e-05 -2.18858e-05 -4.03775e-06 1.10254e-05 2.3304e-05 3.73873e-05 5.2035e-05 5.96306e-05 6.11147e-05 6.35491e-05 7.18906e-05 8.11758e-05 8.47209e-05 9.30362e-05 0.000105582 0.000112725 0.000113168 0.00011836 0.000133445 0.000157531 0.000184402 0.000204569 0.000221815 0.000245351 0.000282531 0.000327399 0.000368077 0.000401281 0.00042779 -0.000812943 -0.000552415 -0.000305218 -0.000186249 -0.000137209 -0.000108805 -8.20939e-05 -6.03011e-05 -4.11967e-05 -2.28385e-05 -4.19857e-06 1.15266e-05 2.43351e-05 3.90225e-05 5.4307e-05 6.22317e-05 6.37769e-05 6.63147e-05 7.50205e-05 8.47209e-05 8.843e-05 9.71051e-05 0.000110199 0.000117657 0.00011812 0.000123535 0.000139274 0.000164412 0.000192463 0.000213521 0.000231532 0.000256106 0.000294918 0.000341765 0.000384224 0.000418887 0.000446619 -0.000893212 -0.000606751 -0.000335175 -0.00020454 -0.000150699 -0.000119503 -9.0167e-05 -6.62311e-05 -4.52491e-05 -2.5088e-05 -4.62171e-06 1.26482e-05 2.67209e-05 4.28596e-05 5.96456e-05 6.8347e-05 7.00428e-05 7.28302e-05 8.23899e-05 9.30362e-05 9.71051e-05 0.000106637 0.000121017 0.000129205 0.000129712 0.000135661 0.000152948 0.000180553 0.000211353 0.000234471 0.000254243 0.000281225 0.000323838 0.000375259 0.000421876 0.000459933 0.000490355 -0.00101365 -0.000688581 -0.000380393 -0.000232142 -0.000171039 -0.000135637 -0.000102344 -7.51781e-05 -5.13647e-05 -2.8485e-05 -5.25971e-06 1.43411e-05 3.03168e-05 4.86374e-05 6.76908e-05 7.75685e-05 7.94938e-05 8.26555e-05 9.35021e-05 0.000105582 0.000110199 0.000121017 0.000137339 0.000146633 0.00014721 0.000153959 0.000173577 0.000204905 0.000239861 0.000266099 0.00028854 0.000319157 0.000367515 0.000425873 0.000478784 0.000521988 0.000556519 -0.00108189 -0.000735109 -0.00040615 -0.000247866 -0.000182622 -0.000144827 -0.000109283 -8.02803e-05 -5.48538e-05 -3.04245e-05 -5.62502e-06 1.53046e-05 3.23633e-05 5.19236e-05 7.22692e-05 8.28186e-05 8.48746e-05 8.82477e-05 9.98257e-05 0.000112725 0.000117657 0.000129205 0.000146633 0.000156562 0.000157179 0.000164382 0.000185323 0.000218772 0.000256098 0.000284121 0.000308086 0.000340777 0.00039241 0.000454731 0.000511238 0.000557386 0.000594288 -0.00108602 -0.000737973 -0.000407752 -0.000248846 -0.000183342 -0.0001454 -0.000109718 -8.06009e-05 -5.50738e-05 -3.05483e-05 -5.65058e-06 1.53621e-05 3.24884e-05 5.21256e-05 7.25523e-05 8.31444e-05 8.52087e-05 8.85941e-05 0.000100217 0.000113168 0.00011812 0.000129712 0.00014721 0.000157179 0.000157799 0.000165029 0.000186051 0.000219632 0.000257107 0.000285243 0.000309304 0.000342124 0.000393961 0.000456532 0.000513267 0.000559604 0.000596662 -0.00113623 -0.0007719 -0.000426447 -0.000260247 -0.000191744 -0.000152058 -0.000114736 -8.42815e-05 -5.75865e-05 -3.19409e-05 -5.90696e-06 1.60661e-05 3.3978e-05 5.45186e-05 7.58811e-05 8.69577e-05 8.9118e-05 9.26616e-05 0.000104819 0.00011836 0.000123535 0.000135661 0.000153959 0.000164382 0.000165029 0.000172594 0.000194585 0.000229705 0.000268894 0.000298311 0.000323469 0.00035779 0.000412 0.000477428 0.000536754 0.000585199 0.000623913 -0.0012815 -0.000870362 -0.000480786 -0.0002934 -0.000216174 -0.000171426 -0.000129345 -9.50064e-05 -6.49122e-05 -3.6004e-05 -6.65925e-06 1.81104e-05 3.83061e-05 6.14687e-05 8.55529e-05 9.804e-05 0.000100477 0.000104475 0.000118184 0.000133445 0.000139274 0.000152948 0.000173577 0.000185323 0.000186051 0.000194585 0.000219383 0.000258978 0.000303155 0.000336311 0.000364665 0.000403355 0.000464469 0.000538218 0.000605093 0.000659693 0.000703291 -0.00151267 -0.00102742 -0.000567564 -0.000346354 -0.000255186 -0.000202363 -0.000152686 -0.000112152 -7.66264e-05 -4.2501e-05 -7.85925e-06 2.13808e-05 4.522e-05 7.2561e-05 0.000100992 0.000115733 0.000118611 0.00012333 0.000139513 0.000157531 0.000164412 0.000180553 0.000204905 0.000218772 0.000219632 0.000229705 0.000258978 0.00030572 0.000357871 0.000397014 0.000430487 0.000476161 0.000548308 0.000635374 0.000714322 0.00077878 0.000830256 -0.00177012 -0.00120256 -0.000664395 -0.000405445 -0.000298714 -0.000236884 -0.000178738 -0.000131292 -8.97056e-05 -4.97559e-05 -9.19888e-06 2.50315e-05 5.29342e-05 8.49324e-05 0.000118214 0.000135473 0.000138841 0.000144363 0.000163305 0.000184402 0.000192463 0.000211353 0.000239861 0.000256098 0.000257107 0.000268894 0.000303155 0.000357871 0.000418926 0.000464758 0.000503951 0.000557423 0.000641884 0.000743828 0.000836262 0.000911737 0.000972046 -0.00196292 -0.00133393 -0.000737079 -0.000449812 -0.000331394 -0.000262809 -0.000198308 -0.000145677 -9.95385e-05 -5.52113e-05 -1.02078e-05 2.77722e-05 5.87251e-05 9.42161e-05 0.00013114 0.000150289 0.000154024 0.000160145 0.000181155 0.000204569 0.000213521 0.000234471 0.000266099 0.000284121 0.000285243 0.000298311 0.000336311 0.000397014 0.000464758 0.00051562 0.000559115 0.000618443 0.000712151 0.000825275 0.000927842 0.00101161 0.00107859 -0.0021277 -0.00144625 -0.000799221 -0.000487745 -0.000359335 -0.000284975 -0.000215041 -0.000157978 -0.000107945 -5.98687e-05 -1.10573e-05 3.01302e-05 6.36874e-05 0.00010216 0.000142195 0.000162958 0.000167003 0.000173636 0.000196417 0.000221815 0.000231532 0.000254243 0.00028854 0.000308086 0.000309304 0.000323469 0.000364665 0.000430487 0.000503951 0.000559115 0.000606292 0.000670632 0.00077225 0.000894936 0.00100616 0.001097 0.00116972 -0.00235309 -0.00159962 -0.000884001 -0.000539479 -0.000397439 -0.000315192 -0.000237841 -0.000174729 -0.000119387 -6.62038e-05 -1.22043e-05 3.33536e-05 7.04612e-05 0.000113003 0.00015728 0.000180241 0.000184713 0.00019205 0.00021725 0.000245351 0.000256106 0.000281225 0.000319157 0.000340777 0.000342124 0.00035779 0.000403355 0.000476161 0.000557423 0.000618443 0.000670632 0.000741808 0.000854217 0.000989933 0.00111296 0.00121343 0.0012939 -0.00270934 -0.00184193 -0.00101794 -0.000621197 -0.000457623 -0.000362916 -0.000273846 -0.000201175 -0.000137453 -7.6214e-05 -1.4031e-05 3.84259e-05 8.11453e-05 0.00013012 0.000181104 0.000207542 0.000212694 0.000221143 0.000250166 0.000282531 0.000294918 0.000323838 0.000367515 0.00039241 0.000393961 0.000412 0.000464469 0.000548308 0.000641884 0.000712151 0.00077225 0.000854217 0.000983669 0.00113997 0.00128163 0.00139732 0.00148999 -0.00313815 -0.0021341 -0.00117962 -0.000719827 -0.000530237 -0.000420501 -0.000317295 -0.000233093 -0.00015926 -8.83026e-05 -1.62383e-05 4.45454e-05 9.40312e-05 0.000150759 0.000209838 0.000240483 0.000246457 0.000256247 0.000289878 0.000327399 0.000341765 0.000375259 0.000425873 0.000454731 0.000456532 0.000477428 0.000538218 0.000635374 0.000743828 0.000825275 0.000894936 0.000989933 0.00113997 0.00132116 0.00148537 0.00161946 0.00172694 -0.00352768 -0.00239917 -0.00132625 -0.000809302 -0.000596139 -0.00047277 -0.000356742 -0.000262075 -0.000179069 -9.93066e-05 -1.82967e-05 5.00401e-05 0.000105684 0.00016947 0.000235902 0.000270368 0.000277092 0.000288094 0.000325897 0.000368077 0.000384224 0.000421876 0.000478784 0.000511238 0.000513267 0.000536754 0.000605093 0.000714322 0.000836262 0.000927842 0.00100616 0.00111296 0.00128163 0.00148537 0.00167002 0.00182083 0.00194167 -0.00384536 -0.00261554 -0.00144598 -0.000882401 -0.000649995 -0.000515501 -0.000389007 -0.000285795 -0.00019529 -0.000108329 -2.0009e-05 5.45039e-05 0.000115188 0.000184746 0.000257188 0.000294777 0.00030211 0.000314095 0.000355298 0.000401281 0.000418887 0.000459933 0.000521988 0.000557386 0.000559604 0.000585199 0.000659693 0.00077878 0.000911737 0.00101161 0.001097 0.00121343 0.00139732 0.00161946 0.00182083 0.00198532 0.00211714 -0.00409553 -0.00278763 -0.00154154 -0.000940792 -0.000692983 -0.00054964 -0.000414816 -0.000304812 -0.000208297 -0.000115518 -2.12821e-05 5.81899e-05 0.000122861 0.000196962 0.000274183 0.000314249 0.000322043 0.000334795 0.000378711 0.00042779 0.000446619 0.000490355 0.000556519 0.000594288 0.000596662 0.000623913 0.000703291 0.000830256 0.000972046 0.00107859 0.00116972 0.0012939 0.00148999 0.00172694 0.00194167 0.00211714 0.00225814 
