395606 480392 780713 1.05328e+06 1.29167e+06 1.51964e+06 1.71095e+06 1.86241e+06 1.96829e+06 2.02883e+06 2.04863e+06 2.02274e+06 1.9618e+06 1.86898e+06 1.74529e+06 1.60788e+06 1.48017e+06 1.36226e+06 1.24189e+06 1.11666e+06 997166 883432 769345 661264 567635 486014 408987 333819 262913 201006 150009 108693 75229 49034.7 30180.4 17641.9 737.731 480392 583360 948058 1.27906e+06 1.56854e+06 1.84538e+06 2.0777e+06 2.26162e+06 2.3902e+06 2.46372e+06 2.48777e+06 2.45634e+06 2.38233e+06 2.26961e+06 2.1194e+06 1.95254e+06 1.79746e+06 1.65427e+06 1.5081e+06 1.35603e+06 1.21092e+06 1.0728e+06 934260 803008 689310 590195 496658 405376 319268 244089 182161 131989 91351.8 59542.2 36646.5 21421 895.587 780713 948058 1.54076e+06 2.07869e+06 2.54915e+06 2.99906e+06 3.37663e+06 3.67552e+06 3.88449e+06 4.00398e+06 4.04306e+06 3.99197e+06 3.8717e+06 3.68851e+06 3.4444e+06 3.17321e+06 2.92118e+06 2.68847e+06 2.45092e+06 2.20378e+06 1.96795e+06 1.74349e+06 1.51834e+06 1.30503e+06 1.12025e+06 959170 807156 658807 518865 396685 296042 214503 148461 96764.6 59555.1 34811.5 1455.34 1.05328e+06 1.27906e+06 2.07869e+06 2.80442e+06 3.43914e+06 4.04613e+06 4.55552e+06 4.95877e+06 5.2407e+06 5.4019e+06 5.45463e+06 5.38570e+06 5.22345e+06 4.97629e+06 4.64695e+06 4.28109e+06 3.94106e+06 3.62711e+06 3.30662e+06 2.97319e+06 2.65503e+06 2.35221e+06 2.04844e+06 1.76065e+06 1.51136e+06 1.29405e+06 1.08896e+06 888819 700018 535181 399400 289393 200293 130548 80347.4 46965 1963.41 1.29167e+06 1.56854e+06 2.54915e+06 3.43914e+06 4.2175e+06 4.96187e+06 5.58655e+06 6.08107e+06 6.4268e+06 6.62449e+06 6.68915e+06 6.60463e+06 6.40565e+06 6.10256e+06 5.69868e+06 5.25001e+06 4.83302e+06 4.44802e+06 4.05499e+06 3.6461e+06 3.25593e+06 2.88457e+06 2.51205e+06 2.15913e+06 1.85342e+06 1.58692e+06 1.33542e+06 1.08998e+06 858450 656306 489795 354890 245625 160094 98532.1 57594.4 2407.78 1.51964e+06 1.84538e+06 2.99906e+06 4.04613e+06 4.96187e+06 5.83761e+06 6.57255e+06 7.15435e+06 7.5611e+06 7.79368e+06 7.86976e+06 7.77032e+06 7.53622e+06 7.17963e+06 6.70447e+06 6.17661e+06 5.68603e+06 5.23307e+06 4.77068e+06 4.28962e+06 3.83059e+06 3.39369e+06 2.95542e+06 2.54021e+06 2.18054e+06 1.86701e+06 1.57112e+06 1.28236e+06 1.00996e+06 772140 576240 417526 288976 188349 115922 67758.7 2832.66 1.71095e+06 2.0777e+06 3.37663e+06 4.55552e+06 5.58655e+06 6.57255e+06 7.40001e+06 8.05506e+06 8.51302e+06 8.77488e+06 8.86054e+06 8.74857e+06 8.485e+06 8.08352e+06 7.54854e+06 6.95423e+06 6.40188e+06 5.8919e+06 5.37129e+06 4.82967e+06 4.31284e+06 3.82094e+06 3.32749e+06 2.86001e+06 2.45506e+06 2.10206e+06 1.76892e+06 1.4438e+06 1.13711e+06 869349 648787 470091 325356 212061 130515 76289 3189.24 1.86241e+06 2.26162e+06 3.67552e+06 4.95877e+06 6.08107e+06 7.15435e+06 8.05506e+06 8.7681e+06 9.26659e+06 9.55164e+06 9.64487e+06 9.523e+06 9.2361e+06 8.79908e+06 8.21674e+06 7.56982e+06 6.96858e+06 6.41345e+06 5.84676e+06 5.25719e+06 4.69462e+06 4.15917e+06 3.62204e+06 3.11318e+06 2.67239e+06 2.28814e+06 1.9255e+06 1.57161e+06 1.23777e+06 946304 706217 511703 354156 230832 142068 83041.6 3471.5 1.96829e+06 2.3902e+06 3.88449e+06 5.2407e+06 6.4268e+06 7.5611e+06 8.51302e+06 9.26659e+06 9.79344e+06 1.00947e+07 1.01932e+07 1.00644e+07 9.7612e+06 9.29934e+06 8.6839e+06 8.00019e+06 7.36477e+06 6.77808e+06 6.17917e+06 5.55609e+06 4.96153e+06 4.39564e+06 3.82797e+06 3.29018e+06 2.82432e+06 2.41823e+06 2.03498e+06 1.66096e+06 1.30814e+06 1.0001e+06 746368 540795 374291 243956 150145 87762.5 3668.83 2.02883e+06 2.46372e+06 4.00398e+06 5.4019e+06 6.62449e+06 7.79368e+06 8.77488e+06 9.55164e+06 1.00947e+07 1.04052e+07 1.05068e+07 1.0374e+07 1.00615e+07 9.58539e+06 8.95102e+06 8.24627e+06 7.59131e+06 6.98658e+06 6.36924e+06 5.72699e+06 5.11414e+06 4.53085e+06 3.94572e+06 3.39138e+06 2.9112e+06 2.49261e+06 2.09757e+06 1.71205e+06 1.34838e+06 1.03087e+06 769325 557429 385804 251459 154763 90461.8 3781.65 2.04863e+06 2.48777e+06 4.04306e+06 5.45463e+06 6.68915e+06 7.86976e+06 8.86054e+06 9.64487e+06 1.01932e+07 1.05068e+07 1.06093e+07 1.04753e+07 1.01597e+07 9.67896e+06 9.03839e+06 8.32677e+06 7.66541e+06 7.05477e+06 6.43142e+06 5.78289e+06 5.16406e+06 4.57508e+06 3.98424e+06 3.42449e+06 2.93962e+06 2.51694e+06 2.11805e+06 1.72876e+06 1.36154e+06 1.04093e+06 776834 562870 389569 253913 156272 91344.1 3818.49 2.02274e+06 2.45634e+06 3.99197e+06 5.38570e+06 6.60463e+06 7.77032e+06 8.74857e+06 9.523e+06 1.00644e+07 1.0374e+07 1.04753e+07 1.03429e+07 1.00313e+07 9.55666e+06 8.92418e+06 8.22155e+06 7.56855e+06 6.96563e+06 6.35015e+06 5.70982e+06 5.09881e+06 4.51727e+06 3.93389e+06 3.38122e+06 2.90247e+06 2.48514e+06 2.09128e+06 1.70692e+06 1.34434e+06 1.02778e+06 767018 555757 384647 250705 154298 90189.9 3770.24 1.9618e+06 2.38233e+06 3.8717e+06 5.22345e+06 6.40565e+06 7.53622e+06 8.485e+06 9.2361e+06 9.7612e+06 1.00615e+07 1.01597e+07 1.00313e+07 9.72908e+06 9.26874e+06 8.65532e+06 7.97386e+06 7.34053e+06 6.75577e+06 6.15884e+06 5.5378e+06 4.9452e+06 4.38117e+06 3.81537e+06 3.27935e+06 2.81503e+06 2.41027e+06 2.02828e+06 1.65549e+06 1.30384e+06 996811 743909 539013 373058 243151 149649 87472.4 3656.62 1.86898e+06 2.26961e+06 3.68851e+06 4.97629e+06 6.10256e+06 7.17963e+06 8.08352e+06 8.79908e+06 9.29934e+06 9.58539e+06 9.67896e+06 9.55666e+06 9.26874e+06 8.83018e+06 8.24578e+06 7.59657e+06 6.9932e+06 6.43612e+06 5.86743e+06 5.27578e+06 4.71121e+06 4.17387e+06 3.63484e+06 3.12418e+06 2.68183e+06 2.29622e+06 1.93231e+06 1.57716e+06 1.24214e+06 949645 708710 513509 355406 231646 142567 83333.1 3483.55 1.74529e+06 2.1194e+06 3.4444e+06 4.64695e+06 5.69868e+06 6.70447e+06 7.54854e+06 8.21674e+06 8.6839e+06 8.95102e+06 9.03839e+06 8.92418e+06 8.65532e+06 8.24578e+06 7.70006e+06 7.09381e+06 6.53038e+06 6.01016e+06 5.47911e+06 4.92661e+06 4.39941e+06 3.89764e+06 3.39428e+06 2.91742e+06 2.50434e+06 2.14425e+06 1.80442e+06 1.47278e+06 1.15994e+06 886797 661807 479525 331885 216315 133133 77818.4 3253.05 1.60788e+06 1.95254e+06 3.17321e+06 4.28109e+06 5.25001e+06 6.17661e+06 6.95423e+06 7.56982e+06 8.00019e+06 8.24627e+06 8.32677e+06 8.22155e+06 7.97386e+06 7.59657e+06 7.09381e+06 6.5353e+06 6.01622e+06 5.53697e+06 5.04772e+06 4.53873e+06 4.05304e+06 3.59077e+06 3.12704e+06 2.68772e+06 2.30717e+06 1.97543e+06 1.66236e+06 1.35683e+06 1.06861e+06 816978 609702 441771 305756 199286 122652 71692.6 2997.05 1.48017e+06 1.79746e+06 2.92118e+06 3.94106e+06 4.83302e+06 5.68603e+06 6.40188e+06 6.96858e+06 7.36477e+06 7.59131e+06 7.66541e+06 7.56855e+06 7.34053e+06 6.9932e+06 6.53038e+06 6.01622e+06 5.53838e+06 5.09719e+06 4.6468e+06 4.17823e+06 3.73112e+06 3.30557e+06 2.87867e+06 2.47425e+06 2.12392e+06 1.81853e+06 1.53032e+06 1.24906e+06 983736 752089 561276 406683 281471 183457 112910 65998.3 2758.99 1.36226e+06 1.65427e+06 2.68847e+06 3.62711e+06 4.44802e+06 5.23307e+06 5.8919e+06 6.41345e+06 6.77808e+06 6.98658e+06 7.05477e+06 6.96563e+06 6.75577e+06 6.43612e+06 6.01016e+06 5.53697e+06 5.09719e+06 4.69114e+06 4.27663e+06 3.84539e+06 3.43389e+06 3.04224e+06 2.64936e+06 2.27715e+06 1.95473e+06 1.67366e+06 1.40842e+06 1.14956e+06 905370 692175 516563 374285 259048 168842 103915 60739.9 2539.11 1.24189e+06 1.5081e+06 2.45092e+06 3.30662e+06 4.05499e+06 4.77068e+06 5.37129e+06 5.84676e+06 6.17917e+06 6.36924e+06 6.43142e+06 6.35015e+06 6.15884e+06 5.86743e+06 5.47911e+06 5.04772e+06 4.6468e+06 4.27663e+06 3.89875e+06 3.50562e+06 3.13048e+06 2.77343e+06 2.41526e+06 2.07594e+06 1.78201e+06 1.52578e+06 1.28397e+06 1.04798e+06 825372 631015 470920 341214 236158 153923 94732.5 55372.8 2314.74 1.11666e+06 1.35603e+06 2.20378e+06 2.97319e+06 3.6461e+06 4.28962e+06 4.82967e+06 5.25719e+06 5.55609e+06 5.72699e+06 5.78289e+06 5.70982e+06 5.5378e+06 5.27578e+06 4.92661e+06 4.53873e+06 4.17823e+06 3.84539e+06 3.50562e+06 3.15212e+06 2.81481e+06 2.49377e+06 2.17171e+06 1.86661e+06 1.60232e+06 1.37193e+06 1.1545e+06 942309 742144 567386 423434 306807 212345 138402 85180.7 49789.8 2081.39 997166 1.21092e+06 1.96795e+06 2.65503e+06 3.25593e+06 3.83059e+06 4.31284e+06 4.69462e+06 4.96153e+06 5.11414e+06 5.16406e+06 5.09881e+06 4.9452e+06 4.71121e+06 4.39941e+06 4.05304e+06 3.73112e+06 3.43389e+06 3.13048e+06 2.81481e+06 2.5136e+06 2.22691e+06 1.93932e+06 1.66686e+06 1.43085e+06 1.22512e+06 1.03095e+06 841472 662727 506670 378122 273976 189622 123592 76065.2 44461.6 1858.64 883432 1.0728e+06 1.74349e+06 2.35221e+06 2.88457e+06 3.39369e+06 3.82094e+06 4.15917e+06 4.39564e+06 4.53085e+06 4.57508e+06 4.51727e+06 4.38117e+06 4.17387e+06 3.89764e+06 3.59077e+06 3.30557e+06 3.04224e+06 2.77343e+06 2.49377e+06 2.22691e+06 1.97292e+06 1.71813e+06 1.47675e+06 1.26765e+06 1.08538e+06 913369 745498 587139 448881 334995 242727 167994 109495 67389 39390 1646.6 769345 934260 1.51834e+06 2.04844e+06 2.51205e+06 2.95542e+06 3.32749e+06 3.62204e+06 3.82797e+06 3.94572e+06 3.98424e+06 3.93389e+06 3.81537e+06 3.63484e+06 3.39428e+06 3.12704e+06 2.87867e+06 2.64936e+06 2.41526e+06 2.17171e+06 1.93932e+06 1.71813e+06 1.49624e+06 1.28604e+06 1.10395e+06 945215 795413 649222 511314 390911 291733 211381 146299 95354.9 58686.8 34303.6 1434.01 661264 803008 1.30503e+06 1.76065e+06 2.15913e+06 2.54021e+06 2.86001e+06 3.11318e+06 3.29018e+06 3.39138e+06 3.42449e+06 3.38122e+06 3.27935e+06 3.12418e+06 2.91742e+06 2.68772e+06 2.47425e+06 2.27715e+06 2.07594e+06 1.86661e+06 1.66686e+06 1.47675e+06 1.28604e+06 1.10536e+06 948853 812421 683665 558012 439480 335993 250748 181685 125747 81959.4 50442.8 29485 1232.63 567635 689310 1.12025e+06 1.51136e+06 1.85342e+06 2.18054e+06 2.45506e+06 2.67239e+06 2.82432e+06 2.9112e+06 2.93962e+06 2.90247e+06 2.81503e+06 2.68183e+06 2.50434e+06 2.30717e+06 2.12392e+06 1.95473e+06 1.78201e+06 1.60232e+06 1.43085e+06 1.26765e+06 1.10395e+06 948853 814505 697390 586865 479003 377254 288420 215245 155960 107942 70354.7 43300.5 25310.1 1058.09 486014 590195 959170 1.29405e+06 1.58692e+06 1.86701e+06 2.10206e+06 2.28814e+06 2.41823e+06 2.49261e+06 2.51694e+06 2.48514e+06 2.41027e+06 2.29622e+06 2.14425e+06 1.97543e+06 1.81853e+06 1.67366e+06 1.52578e+06 1.37193e+06 1.22512e+06 1.08538e+06 945215 812421 697390 597116 502483 410130 323010 246948 184295 133534 92420.8 60237.9 37073.8 21670.3 905.888 408987 496658 807156 1.08896e+06 1.33542e+06 1.57112e+06 1.76892e+06 1.9255e+06 2.03498e+06 2.09757e+06 2.11805e+06 2.09128e+06 2.02828e+06 1.93231e+06 1.80442e+06 1.66236e+06 1.53032e+06 1.40842e+06 1.28397e+06 1.1545e+06 1.03095e+06 913369 795413 683665 586865 502483 422847 345131 271818 207811 155087 112371 77773.3 50690.8 31197.8 18235.6 762.288 333819 405376 658807 888819 1.08998e+06 1.28236e+06 1.4438e+06 1.57161e+06 1.66096e+06 1.71205e+06 1.72876e+06 1.70692e+06 1.65549e+06 1.57716e+06 1.47278e+06 1.35683e+06 1.24906e+06 1.14956e+06 1.04798e+06 942309 841472 745498 649222 558012 479003 410130 345131 281698 221860 169617 126583 91718.2 63479.3 41374.5 25464.2 14884.3 622.209 262913 319268 518865 700018 858450 1.00996e+06 1.13711e+06 1.23777e+06 1.30814e+06 1.34838e+06 1.36154e+06 1.34434e+06 1.30384e+06 1.24214e+06 1.15994e+06 1.06861e+06 983736 905370 825372 742144 662727 587139 511314 439480 377254 323010 271818 221860 174733 133588 99695.2 72236.1 49995.7 32586.5 20055.8 11723.1 490.101 201006 244089 396685 535181 656306 772140 869349 946304 1.0001e+06 1.03087e+06 1.04093e+06 1.02778e+06 996811 949645 886797 816978 752089 692175 631015 567386 506670 448881 390911 335993 288420 246948 207811 169617 133588 102131 76219.8 55226.6 38223.4 24913.7 15333.7 8963.04 374.742 150009 182161 296042 399400 489795 576240 648787 706217 746368 769325 776834 767018 743909 708710 661807 609702 561276 516563 470920 423434 378122 334995 291733 250748 215245 184295 155087 126583 99695.2 76219.8 56882.3 41215.2 28525.9 18593 11443.6 6689.19 279.683 108693 131989 214503 289393 354890 417526 470091 511703 540795 557429 562870 555757 539013 513509 479525 441771 406683 374285 341214 306807 273976 242727 211381 181685 155960 133534 112371 91718.2 72236.1 55226.6 41215.2 29863.4 20669.1 13472.1 8291.76 4846.86 202.659 75229 91351.8 148461 200293 245625 288976 325356 354156 374291 385804 389569 384647 373058 355406 331885 305756 281471 259048 236158 212345 189622 167994 146299 125747 107942 92420.8 77773.3 63479.3 49995.7 38223.4 28525.9 20669.1 14305.6 9324.51 5739.15 3354.82 140.29 49034.7 59542.2 96764.6 130548 160094 188349 212061 230832 243956 251459 253913 250705 243151 231646 216315 199286 183457 168842 153923 138402 123592 109495 95354.9 81959.4 70354.7 60237.9 50690.8 41374.5 32586.5 24913.7 18593 13472.1 9324.51 6077.98 3741.1 2186.95 91.4756 30180.4 36646.5 59555.1 80347.4 98532.1 115922 130515 142068 150145 154763 156272 154298 149649 142567 133133 122652 112910 103915 94732.5 85180.7 76065.2 67389 58686.8 50442.8 43300.5 37073.8 31197.8 25464.2 20055.8 15333.7 11443.6 8291.76 5739.15 3741.1 2302.83 1346.25 56.3288 17641.9 21421 34811.5 46965 57594.4 67758.7 76289 83041.6 87762.5 90461.8 91344.1 90189.9 87472.4 83333.1 77818.4 71692.6 65998.3 60739.9 55372.8 49789.8 44461.6 39390 34303.6 29485 25310.1 21670.3 18235.6 14884.3 11723.1 8963.04 6689.19 4846.86 3354.82 2186.95 1346.25 787.066 32.9424 737.731 895.587 1455.34 1963.41 2407.78 2832.66 3189.24 3471.5 3668.83 3781.65 3818.49 3770.24 3656.62 3483.55 3253.05 2997.05 2758.99 2539.11 2314.74 2081.39 1858.64 1646.6 1434.01 1232.63 1058.09 905.888 762.288 622.209 490.101 374.742 279.683 202.659 140.29 91.4756 56.3288 32.9424 1.38146 
