5.40023e-05 2.381e-05 7.58449e-06 6.39763e-06 4.39679e-06 2.49713e-06 3.62294e-06 1.07184e-06 -2.41389e-06 -1.57893e-06 -1.87775e-06 -4.08986e-06 -4.34905e-06 -6.70514e-06 -5.51899e-06 -2.86357e-06 -1.03661e-06 4.19031e-07 -7.44102e-06 -9.95533e-06 -1.47421e-06 1.03352e-07 -1.93583e-06 -2.77971e-06 2.0949e-07 5.05925e-06 -4.63288e-06 -8.60437e-06 7.25827e-06 2.11465e-05 1.64208e-05 1.67098e-05 3.81266e-05 7.13075e-05 0.000117136 0.000169708 0.00030208 2.381e-05 1.04984e-05 3.34359e-06 2.82055e-06 1.93831e-06 1.10052e-06 1.59738e-06 4.72494e-07 -1.06474e-06 -6.96155e-07 -8.2775e-07 -1.80348e-06 -1.917e-06 -2.95664e-06 -2.43327e-06 -1.26226e-06 -4.57129e-07 1.86625e-07 -3.28142e-06 -4.39076e-06 -6.47849e-07 4.61114e-08 -8.53291e-07 -1.22605e-06 9.21505e-08 2.23488e-06 -2.04449e-06 -3.79762e-06 3.20287e-06 9.32867e-06 7.23612e-06 7.36168e-06 1.68097e-05 3.14378e-05 5.16436e-05 7.48173e-05 0.000133152 7.58449e-06 3.34359e-06 1.06581e-06 8.98812e-07 6.17857e-07 3.51341e-07 5.08838e-07 1.5063e-07 -3.38442e-07 -2.21767e-07 -2.63957e-07 -5.74087e-07 -6.11452e-07 -9.41382e-07 -7.75219e-07 -4.02558e-07 -1.45501e-07 5.65469e-08 -1.04433e-06 -1.39652e-06 -2.09689e-07 1.38927e-08 -2.72109e-07 -3.89862e-07 2.96116e-08 7.0534e-07 -6.48368e-07 -1.20354e-06 1.01619e-06 2.96364e-06 2.31089e-06 2.35398e-06 5.35562e-06 1.00177e-05 1.64544e-05 2.38452e-05 4.24717e-05 6.39763e-06 2.82055e-06 8.98812e-07 7.58062e-07 5.21048e-07 2.96136e-07 4.29212e-07 1.27022e-07 -2.8569e-07 -1.87061e-07 -2.22571e-07 -4.84365e-07 -5.15534e-07 -7.94201e-07 -6.53874e-07 -3.39425e-07 -1.22766e-07 4.8548e-08 -8.81185e-07 -1.17861e-06 -1.75904e-07 1.19565e-08 -2.29437e-07 -3.29058e-07 2.48983e-08 5.96885e-07 -5.47749e-07 -1.017e-06 8.58363e-07 2.50219e-06 1.94754e-06 1.98299e-06 4.51726e-06 8.44912e-06 1.38785e-05 2.01101e-05 3.58088e-05 4.39679e-06 1.93831e-06 6.17857e-07 5.21048e-07 3.58176e-07 2.03674e-07 2.94978e-07 8.73215e-08 -1.96199e-07 -1.2856e-07 -1.53018e-07 -3.32803e-07 -3.54463e-07 -5.45728e-07 -4.49401e-07 -2.33366e-07 -8.43471e-08 3.27864e-08 -6.05407e-07 -8.09578e-07 -1.21553e-07 8.05754e-09 -1.57744e-07 -2.26008e-07 1.71682e-08 4.08901e-07 -3.75869e-07 -6.97715e-07 5.891e-07 1.71806e-06 1.33964e-06 1.3646e-06 3.10469e-06 5.80737e-06 9.53877e-06 1.38233e-05 2.46211e-05 2.49713e-06 1.10052e-06 3.51341e-07 2.96136e-07 2.03674e-07 1.16139e-07 1.67535e-07 4.96593e-08 -1.10997e-07 -7.30242e-08 -8.70796e-08 -1.88771e-07 -2.01785e-07 -3.09702e-07 -2.55299e-07 -1.32815e-07 -4.78409e-08 1.69286e-08 -3.43294e-07 -4.58563e-07 -7.09743e-08 4.12751e-09 -8.97493e-08 -1.27966e-07 9.88065e-09 2.28396e-07 -2.11767e-07 -3.92631e-07 3.3222e-07 9.71087e-07 7.6421e-07 7.80243e-07 1.76393e-06 3.30034e-06 5.41969e-06 7.85831e-06 1.40167e-05 3.62294e-06 1.59738e-06 5.08838e-07 4.29212e-07 2.94978e-07 1.67535e-07 2.43059e-07 7.19089e-08 -1.61939e-07 -1.05928e-07 -1.25979e-07 -2.7438e-07 -2.91777e-07 -4.49838e-07 -3.70262e-07 -1.92117e-07 -6.95433e-08 2.80941e-08 -4.99204e-07 -6.67878e-07 -9.89246e-08 6.93215e-09 -1.29873e-07 -1.86484e-07 1.40559e-08 3.39375e-07 -3.10793e-07 -5.77215e-07 4.86924e-07 1.41864e-06 1.10169e-06 1.12109e-06 2.55787e-06 4.78396e-06 7.85853e-06 1.13856e-05 2.02665e-05 1.07184e-06 4.72494e-07 1.5063e-07 1.27022e-07 8.73215e-08 4.96593e-08 7.19089e-08 2.1293e-08 -4.78238e-08 -3.13389e-08 -3.73013e-08 -8.11298e-08 -8.64254e-08 -1.3302e-07 -1.09559e-07 -5.68995e-08 -2.05562e-08 7.93777e-09 -1.47562e-07 -1.97312e-07 -2.96945e-08 1.94075e-09 -3.84725e-08 -5.50787e-08 4.20765e-09 9.95604e-08 -9.15869e-08 -1.69998e-07 1.43522e-07 4.18709e-07 3.26733e-07 3.32826e-07 7.56832e-07 1.41575e-06 2.3254e-06 3.37004e-06 6.00311e-06 -2.41389e-06 -1.06474e-06 -3.38442e-07 -2.8569e-07 -1.96199e-07 -1.10997e-07 -1.61939e-07 -4.78238e-08 1.08483e-07 7.05649e-08 8.36998e-08 1.83143e-07 1.9377e-07 3.0004e-07 2.46611e-07 1.2763e-07 4.6421e-08 -2.10031e-08 3.33341e-07 4.46653e-07 6.32923e-08 -5.2198e-09 8.63192e-08 1.2478e-07 -9.19206e-09 -2.31302e-07 2.09381e-07 3.89494e-07 -3.27604e-07 -9.51531e-07 -7.29488e-07 -7.39904e-07 -1.70338e-06 -3.18463e-06 -5.23298e-06 -7.57587e-06 -1.34582e-05 -1.57893e-06 -6.96155e-07 -2.21767e-07 -1.87061e-07 -1.2856e-07 -7.30242e-08 -1.05928e-07 -3.13389e-08 7.05649e-08 4.61656e-08 5.49081e-08 1.19572e-07 1.27168e-07 1.96043e-07 1.61365e-07 8.37313e-08 3.03087e-08 -1.22137e-08 2.17551e-07 2.91049e-07 4.31464e-08 -3.01388e-09 5.6599e-08 8.1266e-08 -6.12084e-09 -1.47837e-07 1.35414e-07 2.51484e-07 -2.12169e-07 -6.18169e-07 -4.80172e-07 -4.88683e-07 -1.11478e-06 -2.08495e-06 -3.42489e-06 -4.96212e-06 -8.83302e-06 -1.87775e-06 -8.2775e-07 -2.63957e-07 -2.22571e-07 -1.53018e-07 -8.70796e-08 -1.25979e-07 -3.73013e-08 8.36998e-08 5.49081e-08 6.53903e-08 1.42077e-07 1.51472e-07 2.3303e-07 1.91937e-07 9.97167e-08 3.60127e-08 -1.36786e-08 2.58456e-07 3.45521e-07 5.22845e-08 -3.36786e-09 6.7387e-08 9.64525e-08 -7.34139e-09 -1.7389e-07 1.60182e-07 2.97254e-07 -2.5115e-07 -7.32809e-07 -5.72724e-07 -5.83782e-07 -1.32609e-06 -2.48062e-06 -4.07421e-06 -5.90502e-06 -1.05214e-05 -4.08986e-06 -1.80348e-06 -5.74087e-07 -4.84365e-07 -3.32803e-07 -1.88771e-07 -2.7438e-07 -8.11298e-08 1.83143e-07 1.19572e-07 1.42077e-07 3.09932e-07 3.29024e-07 5.07985e-07 4.17934e-07 2.16666e-07 7.85567e-08 -3.29936e-08 5.63943e-07 7.54877e-07 1.10203e-07 -8.14543e-09 1.46496e-07 2.10809e-07 -1.57711e-08 -3.86029e-07 3.52154e-07 6.54365e-07 -5.51448e-07 -1.60504e-06 -1.24114e-06 -1.26164e-06 -2.88703e-06 -5.39887e-06 -8.86961e-06 -1.28472e-05 -2.28533e-05 -4.34905e-06 -1.917e-06 -6.11452e-07 -5.15534e-07 -3.54463e-07 -2.01785e-07 -2.91777e-07 -8.64254e-08 1.9377e-07 1.27168e-07 1.51472e-07 3.29024e-07 3.5095e-07 5.39617e-07 4.44571e-07 2.31032e-07 8.33779e-08 -3.12169e-08 5.98437e-07 7.99895e-07 1.21625e-07 -7.64118e-09 1.56165e-07 2.23267e-07 -1.71053e-08 -4.01708e-07 3.70579e-07 6.87575e-07 -5.80998e-07 -1.6961e-06 -1.32758e-06 -1.35352e-06 -3.07136e-06 -5.74577e-06 -9.43674e-06 -1.36785e-05 -2.43774e-05 -6.70514e-06 -2.95664e-06 -9.41382e-07 -7.94201e-07 -5.45728e-07 -3.09702e-07 -4.49838e-07 -1.3302e-07 3.0004e-07 1.96043e-07 2.3303e-07 5.07985e-07 5.39617e-07 8.3276e-07 6.85199e-07 3.55328e-07 1.2877e-07 -5.33926e-08 9.24364e-07 1.23711e-06 1.81484e-07 -1.32274e-08 2.40195e-07 3.45473e-07 -2.58552e-08 -6.31254e-07 5.76566e-07 1.0712e-06 -9.03148e-07 -2.6293e-06 -2.03602e-06 -2.07054e-06 -4.73356e-06 -8.85225e-06 -1.45424e-05 -2.10657e-05 -3.74808e-05 -5.51899e-06 -2.43327e-06 -7.75219e-07 -6.53874e-07 -4.49401e-07 -2.55299e-07 -3.70262e-07 -1.09559e-07 2.46611e-07 1.61365e-07 1.91937e-07 4.17934e-07 4.44571e-07 6.85199e-07 5.64053e-07 2.92716e-07 1.05923e-07 -4.24559e-08 7.60343e-07 1.01715e-06 1.51086e-07 -1.04577e-08 1.97887e-07 2.83995e-07 -2.14554e-08 -5.16217e-07 4.73117e-07 8.78593e-07 -7.41265e-07 -2.16017e-06 -1.67898e-06 -1.70886e-06 -3.8966e-06 -7.28799e-06 -1.19717e-05 -1.73457e-05 -3.08795e-05 -2.86357e-06 -1.26226e-06 -4.02558e-07 -3.39425e-07 -2.33366e-07 -1.32815e-07 -1.92117e-07 -5.68995e-08 1.2763e-07 8.37313e-08 9.97167e-08 2.16666e-07 2.31032e-07 3.55328e-07 2.92716e-07 1.52093e-07 5.49032e-08 -2.07249e-08 3.94088e-07 5.26804e-07 7.98887e-08 -5.07961e-09 1.02811e-07 1.47047e-07 -1.12559e-08 -2.64882e-07 2.44174e-07 4.53096e-07 -3.82787e-07 -1.11724e-06 -8.73803e-07 -8.9067e-07 -2.02222e-06 -3.78303e-06 -6.21328e-06 -9.00571e-06 -1.60476e-05 -1.03661e-06 -4.57129e-07 -1.45501e-07 -1.22766e-07 -8.43471e-08 -4.78409e-08 -6.95433e-08 -2.05562e-08 4.6421e-08 3.03087e-08 3.60127e-08 7.85567e-08 8.33779e-08 1.2877e-07 1.05923e-07 5.49032e-08 1.99298e-08 -8.41443e-09 1.42955e-07 1.91373e-07 2.78631e-08 -2.06565e-09 3.71009e-08 5.34431e-08 -3.94431e-09 -9.79838e-08 8.9307e-08 1.65917e-07 -1.39857e-07 -4.0692e-07 -3.14368e-07 -3.19658e-07 -7.31831e-07 -1.36828e-06 -2.24801e-06 -3.25591e-06 -5.79159e-06 4.19031e-07 1.86625e-07 5.65469e-08 4.8548e-08 3.27864e-08 1.69286e-08 2.80941e-08 7.93777e-09 -2.10031e-08 -1.22137e-08 -1.36786e-08 -3.29936e-08 -3.12169e-08 -5.33926e-08 -4.24559e-08 -2.07249e-08 -8.41443e-09 1.23672e-08 -6.07057e-08 -8.39263e-08 -9.93754e-10 3.27602e-09 -1.4074e-08 -2.3721e-08 7.93488e-10 5.99124e-08 -4.50445e-08 -8.61326e-08 6.9088e-08 1.89048e-07 1.08913e-07 1.0153e-07 2.92729e-07 5.42323e-07 8.97185e-07 1.27673e-06 2.16516e-06 -7.44102e-06 -3.28142e-06 -1.04433e-06 -8.81185e-07 -6.05407e-07 -3.43294e-07 -4.99204e-07 -1.47562e-07 3.33341e-07 2.17551e-07 2.58456e-07 5.63943e-07 5.98437e-07 9.24364e-07 7.60343e-07 3.94088e-07 1.42955e-07 -6.07057e-08 1.02628e-06 1.37394e-06 1.99738e-07 -1.50698e-08 2.6642e-07 3.83728e-07 -2.85845e-08 -7.03824e-07 6.41304e-07 1.19188e-06 -1.00429e-06 -2.92188e-06 -2.25658e-06 -2.29329e-06 -5.25251e-06 -9.82202e-06 -1.61365e-05 -2.33713e-05 -4.15656e-05 -9.95533e-06 -4.39076e-06 -1.39652e-06 -1.17861e-06 -8.09578e-07 -4.58563e-07 -6.67878e-07 -1.97312e-07 4.46653e-07 2.91049e-07 3.45521e-07 7.54877e-07 7.99895e-07 1.23711e-06 1.01715e-06 5.26804e-07 1.91373e-07 -8.39263e-08 1.37394e-06 1.84017e-06 2.64121e-07 -2.0883e-08 3.56161e-07 5.14024e-07 -3.79897e-08 -9.47795e-07 8.60713e-07 1.60037e-06 -1.34743e-06 -3.91661e-06 -3.01357e-06 -3.05985e-06 -7.02641e-06 -1.31376e-05 -2.15855e-05 -3.12564e-05 -5.55575e-05 -1.47421e-06 -6.47849e-07 -2.09689e-07 -1.75904e-07 -1.21553e-07 -7.09743e-08 -9.89246e-08 -2.96945e-08 6.32923e-08 4.31464e-08 5.22845e-08 1.10203e-07 1.21625e-07 1.81484e-07 1.51086e-07 7.98887e-08 2.78631e-08 -9.93754e-10 1.99738e-07 2.64121e-07 5.22226e-08 -8.49698e-12 5.39384e-08 7.34236e-08 -6.69364e-09 -1.14419e-07 1.16036e-07 2.12708e-07 -1.83514e-07 -5.48665e-07 -4.69512e-07 -4.88359e-07 -1.04435e-06 -1.95929e-06 -3.21117e-06 -4.67895e-06 -8.45125e-06 1.03352e-07 4.61114e-08 1.38927e-08 1.19565e-08 8.05754e-09 4.12751e-09 6.93215e-09 1.94075e-09 -5.2198e-09 -3.01388e-09 -3.36786e-09 -8.14543e-09 -7.64118e-09 -1.32274e-08 -1.04577e-08 -5.07961e-09 -2.06565e-09 3.27602e-09 -1.50698e-08 -2.0883e-08 -8.49698e-12 9.40394e-10 -3.44185e-09 -5.92649e-09 1.94922e-10 1.52202e-08 -1.12735e-08 -2.16964e-08 1.73769e-08 4.71548e-08 2.64008e-08 2.4261e-08 7.21011e-08 1.33728e-07 2.21098e-07 3.14203e-07 5.29318e-07 -1.93583e-06 -8.53291e-07 -2.72109e-07 -2.29437e-07 -1.57744e-07 -8.97493e-08 -1.29873e-07 -3.84725e-08 8.63192e-08 5.6599e-08 6.7387e-08 1.46496e-07 1.56165e-07 2.40195e-07 1.97887e-07 1.02811e-07 3.71009e-08 -1.4074e-08 2.6642e-07 3.56161e-07 5.39384e-08 -3.44185e-09 6.95345e-08 9.94133e-08 -7.66704e-09 -1.79201e-07 1.65155e-07 3.06518e-07 -2.5883e-07 -7.55535e-07 -5.90733e-07 -6.0188e-07 -1.36689e-06 -2.55729e-06 -4.20016e-06 -6.08777e-06 -1.0847e-05 -2.77971e-06 -1.22605e-06 -3.89862e-07 -3.29058e-07 -2.26008e-07 -1.27966e-07 -1.86484e-07 -5.50787e-08 1.2478e-07 8.1266e-08 9.64525e-08 2.10809e-07 2.23267e-07 3.45473e-07 2.83995e-07 1.47047e-07 5.34431e-08 -2.3721e-08 3.83728e-07 5.14024e-07 7.34236e-08 -5.92649e-09 9.94133e-08 1.43599e-07 -1.05824e-08 -2.65277e-07 2.40597e-07 4.47452e-07 -3.76637e-07 -1.09435e-06 -8.40851e-07 -8.5346e-07 -1.96181e-06 -3.66796e-06 -6.02672e-06 -8.72617e-06 -1.5507e-05 2.0949e-07 9.21505e-08 2.96116e-08 2.48983e-08 1.71682e-08 9.88065e-09 1.40559e-08 4.20765e-09 -9.19206e-09 -6.12084e-09 -7.34139e-09 -1.57711e-08 -1.71053e-08 -2.58552e-08 -2.14554e-08 -1.12559e-08 -3.94431e-09 7.93488e-10 -2.85845e-08 -3.79897e-08 -6.69364e-09 1.94922e-10 -7.66704e-09 -1.05824e-08 1.02128e-09 1.76888e-08 -1.71589e-08 -3.17532e-08 2.69443e-08 7.98636e-08 6.56853e-08 6.72796e-08 1.47884e-07 2.77687e-07 4.55432e-07 6.62193e-07 1.18751e-06 5.05925e-06 2.23488e-06 7.0534e-07 5.96885e-07 4.08901e-07 2.28396e-07 3.39375e-07 9.95604e-08 -2.31302e-07 -1.47837e-07 -1.7389e-07 -3.86029e-07 -4.01708e-07 -6.31254e-07 -5.16217e-07 -2.64882e-07 -9.79838e-08 5.99124e-08 -7.03824e-07 -9.47795e-07 -1.14419e-07 1.52202e-08 -1.79201e-07 -2.65277e-07 1.76888e-08 5.20857e-07 -4.54696e-07 -8.49978e-07 7.0892e-07 2.03774e-06 1.4964e-06 1.50184e-06 3.56496e-06 6.65538e-06 1.09473e-05 1.5808e-05 2.78958e-05 -4.63288e-06 -2.04449e-06 -6.48368e-07 -5.47749e-07 -3.75869e-07 -2.11767e-07 -3.10793e-07 -9.15869e-08 2.09381e-07 1.35414e-07 1.60182e-07 3.52154e-07 3.70579e-07 5.76566e-07 4.73117e-07 2.44174e-07 8.9307e-08 -4.50445e-08 6.41304e-07 8.60713e-07 1.16036e-07 -1.12735e-08 1.65155e-07 2.40597e-07 -1.71589e-08 -4.54696e-07 4.06596e-07 7.5756e-07 -6.35395e-07 -1.83919e-06 -1.39037e-06 -1.40553e-06 -3.26772e-06 -6.10633e-06 -1.00373e-05 -1.45191e-05 -2.57372e-05 -8.60437e-06 -3.79762e-06 -1.20354e-06 -1.017e-06 -6.97715e-07 -3.92631e-07 -5.77215e-07 -1.69998e-07 3.89494e-07 2.51484e-07 2.97254e-07 6.54365e-07 6.87575e-07 1.0712e-06 8.78593e-07 4.53096e-07 1.65917e-07 -8.61326e-08 1.19188e-06 1.60037e-06 2.12708e-07 -2.16964e-08 3.06518e-07 4.47452e-07 -3.17532e-08 -8.49978e-07 7.5756e-07 1.4123e-06 -1.18354e-06 -3.42257e-06 -2.57742e-06 -2.60259e-06 -6.06788e-06 -1.13382e-05 -1.86386e-05 -2.6955e-05 -4.77509e-05 7.25827e-06 3.20287e-06 1.01619e-06 8.58363e-07 5.891e-07 3.3222e-07 4.86924e-07 1.43522e-07 -3.27604e-07 -2.12169e-07 -2.5115e-07 -5.51448e-07 -5.80998e-07 -9.03148e-07 -7.41265e-07 -3.82787e-07 -1.39857e-07 6.9088e-08 -1.00429e-06 -1.34743e-06 -1.83514e-07 1.73769e-08 -2.5883e-07 -3.76637e-07 2.69443e-08 7.0892e-07 -6.35395e-07 -1.18354e-06 9.93474e-07 2.87711e-06 2.18103e-06 2.20652e-06 5.12022e-06 9.56888e-06 1.57275e-05 2.27538e-05 4.03513e-05 2.11465e-05 9.32867e-06 2.96364e-06 2.50219e-06 1.71806e-06 9.71087e-07 1.41864e-06 4.18709e-07 -9.51531e-07 -6.18169e-07 -7.32809e-07 -1.60504e-06 -1.6961e-06 -2.6293e-06 -2.16017e-06 -1.11724e-06 -4.0692e-07 1.89048e-07 -2.92188e-06 -3.91661e-06 -5.48665e-07 4.71548e-08 -7.55535e-07 -1.09435e-06 7.98636e-08 2.03774e-06 -1.83919e-06 -3.42257e-06 2.87711e-06 8.3493e-06 6.37982e-06 6.46632e-06 1.4921e-05 2.78926e-05 4.58365e-05 6.63452e-05 0.0001178 1.64208e-05 7.23612e-06 2.31089e-06 1.94754e-06 1.33964e-06 7.6421e-07 1.10169e-06 3.26733e-07 -7.29488e-07 -4.80172e-07 -5.72724e-07 -1.24114e-06 -1.32758e-06 -2.03602e-06 -1.67898e-06 -8.73803e-07 -3.14368e-07 1.08913e-07 -2.25658e-06 -3.01357e-06 -4.69512e-07 2.64008e-08 -5.90733e-07 -8.40851e-07 6.56853e-08 1.4964e-06 -1.39037e-06 -2.57742e-06 2.18103e-06 6.37982e-06 5.03145e-06 5.13797e-06 1.1599e-05 2.17052e-05 3.5642e-05 5.1686e-05 9.22171e-05 1.67098e-05 7.36168e-06 2.35398e-06 1.98299e-06 1.3646e-06 7.80243e-07 1.12109e-06 3.32826e-07 -7.39904e-07 -4.88683e-07 -5.83782e-07 -1.26164e-06 -1.35352e-06 -2.07054e-06 -1.70886e-06 -8.9067e-07 -3.19658e-07 1.0153e-07 -2.29329e-06 -3.05985e-06 -4.88359e-07 2.4261e-08 -6.0188e-07 -8.5346e-07 6.72796e-08 1.50184e-06 -1.40553e-06 -2.60259e-06 2.20652e-06 6.46632e-06 5.13797e-06 5.25745e-06 1.18073e-05 2.20981e-05 3.62813e-05 5.26358e-05 9.40245e-05 3.81266e-05 1.68097e-05 5.35562e-06 4.51726e-06 3.10469e-06 1.76393e-06 2.55787e-06 7.56832e-07 -1.70338e-06 -1.11478e-06 -1.32609e-06 -2.88703e-06 -3.07136e-06 -4.73356e-06 -3.8966e-06 -2.02222e-06 -7.31831e-07 2.92729e-07 -5.25251e-06 -7.02641e-06 -1.04435e-06 7.21011e-08 -1.36689e-06 -1.96181e-06 1.47884e-07 3.56496e-06 -3.26772e-06 -6.06788e-06 5.12022e-06 1.4921e-05 1.1599e-05 1.18073e-05 2.69198e-05 5.0348e-05 8.27042e-05 0.00011983 0.000213336 7.13075e-05 3.14378e-05 1.00177e-05 8.44912e-06 5.80737e-06 3.30034e-06 4.78396e-06 1.41575e-06 -3.18463e-06 -2.08495e-06 -2.48062e-06 -5.39887e-06 -5.74577e-06 -8.85225e-06 -7.28799e-06 -3.78303e-06 -1.36828e-06 5.42323e-07 -9.82202e-06 -1.31376e-05 -1.95929e-06 1.33728e-07 -2.55729e-06 -3.66796e-06 2.77687e-07 6.65538e-06 -6.10633e-06 -1.13382e-05 9.56888e-06 2.78926e-05 2.17052e-05 2.20981e-05 5.0348e-05 9.41722e-05 0.000154687 0.000224141 0.000399097 0.000117136 5.16436e-05 1.64544e-05 1.38785e-05 9.53877e-06 5.41969e-06 7.85853e-06 2.3254e-06 -5.23298e-06 -3.42489e-06 -4.07421e-06 -8.86961e-06 -9.43674e-06 -1.45424e-05 -1.19717e-05 -6.21328e-06 -2.24801e-06 8.97185e-07 -1.61365e-05 -2.15855e-05 -3.21117e-06 2.21098e-07 -4.20016e-06 -6.02672e-06 4.55432e-07 1.09473e-05 -1.00373e-05 -1.86386e-05 1.57275e-05 4.58365e-05 3.5642e-05 3.62813e-05 8.27042e-05 0.000154687 0.000254094 0.000368165 0.000655469 0.000169708 7.48173e-05 2.38452e-05 2.01101e-05 1.38233e-05 7.85831e-06 1.13856e-05 3.37004e-06 -7.57587e-06 -4.96212e-06 -5.90502e-06 -1.28472e-05 -1.36785e-05 -2.10657e-05 -1.73457e-05 -9.00571e-06 -3.25591e-06 1.27673e-06 -2.33713e-05 -3.12564e-05 -4.67895e-06 3.14203e-07 -6.08777e-06 -8.72617e-06 6.62193e-07 1.5808e-05 -1.45191e-05 -2.6955e-05 2.27538e-05 6.63452e-05 5.1686e-05 5.26358e-05 0.00011983 0.000224141 0.000368165 0.000533505 0.000950105 0.00030208 0.000133152 4.24717e-05 3.58088e-05 2.46211e-05 1.40167e-05 2.02665e-05 6.00311e-06 -1.34582e-05 -8.83302e-06 -1.05214e-05 -2.28533e-05 -2.43774e-05 -3.74808e-05 -3.08795e-05 -1.60476e-05 -5.79159e-06 2.16516e-06 -4.15656e-05 -5.55575e-05 -8.45125e-06 5.29318e-07 -1.0847e-05 -1.5507e-05 1.18751e-06 2.78958e-05 -2.57372e-05 -4.77509e-05 4.03513e-05 0.0001178 9.22171e-05 9.40245e-05 0.000213336 0.000399097 0.000655469 0.000950105 0.0016933 
