396050 480782 781248 1.05398e+06 1.29253e+06 1.52059e+06 1.71201e+06 1.86352e+06 1.96944e+06 2.03001e+06 2.04977e+06 2.02388e+06 1.96289e+06 1.86996e+06 1.74623e+06 1.60885e+06 1.48105e+06 1.36299e+06 1.24254e+06 1.11732e+06 997735 883870 769778 661708 568004 486274 409183 333994 263096 201177 150135 108778 75302 49108.1 30240 17681.4 740.722 480782 583641 948389 1.27947e+06 1.56906e+06 1.84591e+06 2.07827e+06 2.2622e+06 2.39079e+06 2.46431e+06 2.4883e+06 2.45687e+06 2.38283e+06 2.27002e+06 2.11982e+06 1.95305e+06 1.79791e+06 1.65459e+06 1.50837e+06 1.35636e+06 1.21119e+06 1.07297e+06 934465 803274 689524 590308 496723 405448 319384 244217 182255 132050 91412.1 59614.4 36709.5 21464.2 899.192 781248 948389 1.54109e+06 2.07908e+06 2.54964e+06 2.99952e+06 3.3771e+06 3.67598e+06 3.88492e+06 4.00439e+06 4.04337e+06 3.9923e+06 3.87199e+06 3.68869e+06 3.44461e+06 3.17361e+06 2.92152e+06 2.68863e+06 2.45104e+06 2.20403e+06 1.96813e+06 1.74352e+06 1.51846e+06 1.30528e+06 1.12044e+06 959224 807152 658835 518984 396841 296157 214575 148541 96870.6 59651.2 34878.4 1461.15 1.05398e+06 1.27947e+06 2.07908e+06 2.80489e+06 3.43972e+06 4.04665e+06 4.55604e+06 4.95926e+06 5.24114e+06 5.40232e+06 5.45491e+06 5.38601e+06 5.22369e+06 4.9764e+06 4.64712e+06 4.28152e+06 3.94142e+06 3.62722e+06 3.30669e+06 2.97345e+06 2.6552e+06 2.35218e+06 2.04856e+06 1.76096e+06 1.51159e+06 1.29409e+06 1.08893e+06 888834 700161 535378 399545 289483 200396 130688 80475.5 47054.4 1971.23 1.29253e+06 1.56906e+06 2.54964e+06 3.43972e+06 4.21824e+06 4.96253e+06 5.58722e+06 6.08169e+06 6.42738e+06 6.62504e+06 6.68953e+06 6.60504e+06 6.40599e+06 6.10272e+06 5.69891e+06 5.25056e+06 4.83349e+06 4.44818e+06 4.0551e+06 3.64644e+06 3.25616e+06 2.88456e+06 2.51221e+06 2.15952e+06 1.85371e+06 1.58698e+06 1.33539e+06 1.09001e+06 858629 656551 489975 355002 245752 160267 98689.6 57704.3 2417.38 1.52059e+06 1.84591e+06 2.99952e+06 4.04665e+06 4.96253e+06 5.83816e+06 6.57306e+06 7.15479e+06 7.56147e+06 7.794e+06 7.86987e+06 7.77047e+06 7.5363e+06 7.17952e+06 6.70446e+06 6.177e+06 5.68635e+06 5.23304e+06 4.77061e+06 4.28984e+06 3.8307e+06 3.39352e+06 2.95548e+06 2.54056e+06 2.18079e+06 1.867e+06 1.57101e+06 1.28233e+06 1.01013e+06 772397 576429 417640 289114 188545 116103 67886 2843.92 1.71201e+06 2.07827e+06 3.3771e+06 4.55604e+06 5.58722e+06 6.57306e+06 7.40048e+06 8.05543e+06 8.51331e+06 8.77511e+06 8.86053e+06 8.74862e+06 8.48496e+06 8.08328e+06 7.54842e+06 6.95456e+06 6.40214e+06 5.89178e+06 5.37113e+06 4.82984e+06 4.3129e+06 3.8207e+06 3.32752e+06 2.86036e+06 2.45531e+06 2.10202e+06 1.76877e+06 1.44375e+06 1.13729e+06 869626 648989 470213 325507 212280 130718 76431.5 3201.92 1.86352e+06 2.2622e+06 3.67598e+06 4.95926e+06 6.08169e+06 7.15479e+06 8.05543e+06 8.76835e+06 9.26674e+06 9.55171e+06 9.6447e+06 9.52288e+06 9.2359e+06 8.79866e+06 8.21646e+06 7.57005e+06 6.96874e+06 6.41321e+06 5.84649e+06 5.25729e+06 4.6946e+06 4.15884e+06 3.62201e+06 3.11351e+06 2.67261e+06 2.28805e+06 1.92531e+06 1.57153e+06 1.23794e+06 946590 706426 511828 354315 231066 142287 83195.8 3485.29 1.96944e+06 2.39079e+06 3.88492e+06 5.24114e+06 6.42738e+06 7.56147e+06 8.51331e+06 9.26674e+06 9.79347e+06 1.00946e+07 1.01929e+07 1.00642e+07 9.76087e+06 9.29879e+06 8.68349e+06 8.00034e+06 7.36485e+06 6.77774e+06 6.1788e+06 5.55612e+06 4.96144e+06 4.39523e+06 3.82788e+06 3.29048e+06 2.82452e+06 2.4181e+06 2.03475e+06 1.66085e+06 1.3083e+06 1.00039e+06 746580 540920 374455 244200 150375 87924.7 3683.39 2.03001e+06 2.46431e+06 4.00439e+06 5.40232e+06 6.62504e+06 7.794e+06 8.77511e+06 9.55171e+06 1.00946e+07 1.04051e+07 1.05064e+07 1.03737e+07 1.0061e+07 9.58474e+06 8.95052e+06 8.24636e+06 7.59133e+06 6.98617e+06 6.36881e+06 5.72698e+06 5.11402e+06 4.53039e+06 3.9456e+06 3.39167e+06 2.91138e+06 2.49246e+06 2.09732e+06 1.71193e+06 1.34854e+06 1.03116e+06 769538 557554 385970 251710 154999 90628.6 3796.67 2.04977e+06 2.4883e+06 4.04337e+06 5.45491e+06 6.68953e+06 7.86987e+06 8.86053e+06 9.6447e+06 1.01929e+07 1.05064e+07 1.06086e+07 1.04746e+07 1.0159e+07 9.67804e+06 9.03765e+06 8.32664e+06 7.66523e+06 7.05417e+06 6.43081e+06 5.78273e+06 5.1638e+06 4.57449e+06 3.98401e+06 3.42469e+06 2.93972e+06 2.51672e+06 2.11773e+06 1.72859e+06 1.36166e+06 1.0412e+06 777029 562982 389727 254160 156508 91510.8 3833.62 2.02388e+06 2.45687e+06 3.9923e+06 5.38601e+06 6.60504e+06 7.77047e+06 8.74862e+06 9.52288e+06 1.00642e+07 1.03737e+07 1.04746e+07 1.03423e+07 1.00307e+07 9.55581e+06 8.9235e+06 8.22147e+06 7.56842e+06 6.96508e+06 6.34959e+06 5.70969e+06 5.09858e+06 4.51671e+06 3.93369e+06 3.38143e+06 2.90259e+06 2.48494e+06 2.09099e+06 1.70676e+06 1.34446e+06 1.02805e+06 767215 555871 384805 250950 154531 90355 3785.2 1.96289e+06 2.38283e+06 3.87199e+06 5.22369e+06 6.40599e+06 7.5363e+06 8.48496e+06 9.2359e+06 9.76087e+06 1.0061e+07 1.0159e+07 1.00307e+07 9.72837e+06 9.26783e+06 8.65458e+06 7.9737e+06 7.34033e+06 6.75518e+06 6.15823e+06 5.53762e+06 4.94493e+06 4.3806e+06 3.81514e+06 3.27953e+06 2.81512e+06 2.41005e+06 2.02797e+06 1.65532e+06 1.30395e+06 997064 744094 539119 373208 243387 149874 87632 3671.13 1.86996e+06 2.27002e+06 3.68869e+06 4.9764e+06 6.10272e+06 7.17952e+06 8.08328e+06 8.79866e+06 9.29879e+06 9.58474e+06 9.67804e+06 9.55581e+06 9.26783e+06 8.82908e+06 8.24487e+06 7.59622e+06 6.99284e+06 6.43538e+06 5.8667e+06 5.27547e+06 4.71083e+06 4.17322e+06 3.63453e+06 3.12427e+06 2.68185e+06 2.29596e+06 1.93197e+06 1.57696e+06 1.24222e+06 949862 708868 513597 355540 231865 142779 83483.5 3497.34 1.74623e+06 2.11982e+06 3.44461e+06 4.64712e+06 5.69891e+06 6.70446e+06 7.54842e+06 8.21646e+06 8.68349e+06 8.95052e+06 9.03765e+06 8.9235e+06 8.65458e+06 8.24487e+06 7.69931e+06 7.09359e+06 6.53012e+06 6.00956e+06 5.4785e+06 4.92639e+06 4.39912e+06 3.89708e+06 3.39403e+06 2.91754e+06 2.50439e+06 2.14404e+06 1.80413e+06 1.47261e+06 1.16002e+06 887010 661963 479613 332014 216523 133331 77959.4 3265.92 1.60885e+06 1.95305e+06 3.17361e+06 4.28152e+06 5.25056e+06 6.177e+06 6.95456e+06 7.57005e+06 8.00034e+06 8.24636e+06 8.32664e+06 8.22147e+06 7.9737e+06 7.59622e+06 7.09359e+06 6.53552e+06 6.01638e+06 5.53677e+06 5.0475e+06 4.53882e+06 4.05303e+06 3.59048e+06 3.12702e+06 2.68801e+06 2.30737e+06 1.97536e+06 1.66219e+06 1.35676e+06 1.06876e+06 817227 609885 441880 305894 199489 122842 71826.1 3008.98 1.48105e+06 1.79791e+06 2.92152e+06 3.94142e+06 4.83349e+06 5.68635e+06 6.40214e+06 6.96874e+06 7.36485e+06 7.59133e+06 7.66523e+06 7.56842e+06 7.34033e+06 6.99284e+06 6.53012e+06 6.01638e+06 5.53848e+06 5.09697e+06 4.64656e+06 4.17829e+06 3.73109e+06 3.30528e+06 2.87863e+06 2.4745e+06 2.12409e+06 1.81845e+06 1.53016e+06 1.24899e+06 983865 752312 561440 406781 281596 183643 113084 66120.8 2769.97 1.36299e+06 1.65459e+06 2.68863e+06 3.62722e+06 4.44818e+06 5.23304e+06 5.89178e+06 6.41321e+06 6.77774e+06 6.98617e+06 7.05417e+06 6.96508e+06 6.75518e+06 6.43538e+06 6.00956e+06 5.53677e+06 5.09697e+06 4.69065e+06 4.27615e+06 3.84521e+06 3.43365e+06 3.04179e+06 2.64915e+06 2.27723e+06 1.95476e+06 1.67349e+06 1.40818e+06 1.14942e+06 905433 692340 516683 374353 259148 169003 104069 60849.8 2549.16 1.24254e+06 1.50837e+06 2.45104e+06 3.30669e+06 4.0551e+06 4.77061e+06 5.37113e+06 5.84649e+06 6.1788e+06 6.36881e+06 6.43081e+06 6.34959e+06 6.15823e+06 5.8667e+06 5.4785e+06 5.0475e+06 4.64656e+06 4.27615e+06 3.89827e+06 3.50541e+06 3.13023e+06 2.773e+06 2.41505e+06 2.076e+06 1.78202e+06 1.52560e+06 1.28374e+06 1.04785e+06 825422 631159 471025 341272 236247 154069 94872.8 55472.6 2323.89 1.11732e+06 1.35636e+06 2.20403e+06 2.97345e+06 3.64644e+06 4.28984e+06 4.82984e+06 5.25729e+06 5.55612e+06 5.72698e+06 5.78273e+06 5.70969e+06 5.53762e+06 5.27547e+06 4.92639e+06 4.53882e+06 4.17829e+06 3.84521e+06 3.50541e+06 3.15215e+06 2.81477e+06 2.49354e+06 2.17167e+06 1.86679e+06 1.60243e+06 1.37186e+06 1.15437e+06 942250 742238 567552 423556 306880 212439 138542 85311.8 49882.2 2089.7 997735 1.21119e+06 1.96813e+06 2.6552e+06 3.25616e+06 3.8307e+06 4.3129e+06 4.6946e+06 4.96144e+06 5.11402e+06 5.1638e+06 5.09858e+06 4.94493e+06 4.71083e+06 4.39912e+06 4.05303e+06 3.73109e+06 3.43365e+06 3.13023e+06 2.81477e+06 2.51350e+06 2.22666e+06 1.93923e+06 1.66698e+06 1.43092e+06 1.22503e+06 1.03082e+06 841400 662796 506807 378223 274034 189702 123714 76180.8 44543.3 1866.03 883870 1.07297e+06 1.74352e+06 2.35218e+06 2.88456e+06 3.39352e+06 3.8207e+06 4.15884e+06 4.39523e+06 4.53039e+06 4.57449e+06 4.51671e+06 4.3806e+06 4.17322e+06 3.89708e+06 3.59048e+06 3.30528e+06 3.04179e+06 2.773e+06 2.49354e+06 2.22666e+06 1.97254e+06 1.71792e+06 1.47674e+06 1.26762e+06 1.08522e+06 913177 745377 587155 448969 335059 242760 168052 109595 67486.8 39459.9 1653.08 769778 934465 1.51846e+06 2.04856e+06 2.51221e+06 2.95548e+06 3.32752e+06 3.62201e+06 3.82788e+06 3.9456e+06 3.98401e+06 3.93369e+06 3.81514e+06 3.63453e+06 3.39403e+06 3.12702e+06 2.87863e+06 2.64915e+06 2.41505e+06 2.17167e+06 1.93923e+06 1.71792e+06 1.49617e+06 1.28612e+06 1.10399e+06 945141 795302 649162 511364 391015 291809 211424 146360 95448.3 58775.5 34366.3 1439.69 661708 803274 1.30528e+06 1.76096e+06 2.15952e+06 2.54056e+06 2.86036e+06 3.11351e+06 3.29048e+06 3.39167e+06 3.42469e+06 3.38143e+06 3.27953e+06 3.12427e+06 2.91754e+06 2.68801e+06 2.4745e+06 2.27723e+06 2.076e+06 1.86679e+06 1.66698e+06 1.47674e+06 1.28612e+06 1.10556e+06 949003 812451 683649 558025 439573 336120 250841 181742 125812 82048.2 50523.9 29541.6 1237.57 568004 689524 1.12044e+06 1.51159e+06 1.85371e+06 2.18079e+06 2.45531e+06 2.67261e+06 2.82452e+06 2.91138e+06 2.93972e+06 2.90259e+06 2.81512e+06 2.68185e+06 2.50439e+06 2.30737e+06 2.12409e+06 1.95476e+06 1.78202e+06 1.60243e+06 1.43092e+06 1.26762e+06 1.10399e+06 949003 814616 697401 586838 479004 377326 288522 215320 156006 107996 70429.5 43369.3 25358.2 1062.32 486274 590308 959224 1.29409e+06 1.58698e+06 1.867e+06 2.10202e+06 2.28805e+06 2.4181e+06 2.49246e+06 2.51672e+06 2.48494e+06 2.41005e+06 2.29596e+06 2.14404e+06 1.97536e+06 1.81845e+06 1.67349e+06 1.52560e+06 1.37186e+06 1.22503e+06 1.08522e+06 945141 812451 697401 597052 502398 410080 323032 247007 184338 133558 92456.5 60295.4 37128.9 21709.4 909.465 409183 496723 807152 1.08893e+06 1.33539e+06 1.57101e+06 1.76877e+06 1.92531e+06 2.03475e+06 2.09732e+06 2.11773e+06 2.09099e+06 2.02797e+06 1.93197e+06 1.80413e+06 1.66219e+06 1.53016e+06 1.40818e+06 1.28374e+06 1.15437e+06 1.03082e+06 913177 795302 683649 586838 502398 422750 345068 271820 207847 155113 112385 77798.8 50736.4 31242.6 18267.7 765.282 333994 405448 658835 888834 1.09001e+06 1.28233e+06 1.44375e+06 1.57153e+06 1.66085e+06 1.71193e+06 1.72859e+06 1.70676e+06 1.65532e+06 1.57696e+06 1.47261e+06 1.35676e+06 1.24899e+06 1.14942e+06 1.04785e+06 942250 841400 745377 649162 558025 479004 410080 345068 281660 221872 169655 126611 91733.4 63503 41413.4 25501.7 14911 624.659 263096 319384 518984 700161 858629 1.01013e+06 1.13729e+06 1.23794e+06 1.3083e+06 1.34854e+06 1.36166e+06 1.34446e+06 1.30395e+06 1.24222e+06 1.16002e+06 1.06876e+06 983865 905433 825422 742238 662796 587155 511364 439573 377326 323032 271820 221872 174775 133642 99735 72261.1 50023.1 32622.6 20088.4 11745.8 492.062 201177 244217 396841 535378 656551 772397 869626 946590 1.00039e+06 1.03116e+06 1.0412e+06 1.02805e+06 997064 949862 887010 817227 752312 692340 631159 567552 506807 448969 391015 336120 288522 247007 207847 169655 133642 102189 76262.4 55254.5 38250.2 24944.8 15360.6 8981.43 376.255 150135 182255 296157 399545 489975 576429 648989 706426 746580 769538 777029 767215 744094 708868 661963 609885 561440 516683 471025 423556 378223 335059 291809 250841 215320 184338 155113 126611 99735 76262.4 56913.5 41235.6 28545.6 18616 11463.4 6702.71 280.794 108778 132050 214575 289483 355002 417640 470213 511828 540920 557554 562982 555871 539119 513597 479613 441880 406781 374353 341272 306880 274034 242760 211424 181742 156006 133558 112385 91733.4 72261.1 55254.5 41235.6 29876.5 20682.2 13487.9 8305.59 4856.32 203.444 75302 91412.1 148541 200396 245752 289114 325507 354315 374455 385970 389727 384805 373208 355540 332014 305894 281596 259148 236247 212439 189702 168052 146360 125812 107996 92456.5 77798.8 63503 50023.1 38250.2 28545.6 20682.2 14317.3 9337.04 5749.59 3361.81 140.835 49108.1 59614.4 96870.6 130688 160267 188545 212280 231066 244200 251710 254160 250950 243387 231865 216523 199489 183643 169003 154069 138542 123714 109595 95448.3 82048.2 70429.5 60295.4 50736.4 41413.4 32622.6 24944.8 18616 13487.9 9337.04 6089.14 3749.59 2192.4 91.8455 30240 36709.5 59651.2 80475.5 98689.6 116103 130718 142287 150375 154999 156508 154531 149874 142779 133331 122842 113084 104069 94872.8 85311.8 76180.8 67486.8 58775.5 50523.9 43369.3 37128.9 31242.6 25501.7 20088.4 15360.6 11463.4 8305.59 5749.59 3749.59 2308.94 1350.05 56.5569 17681.4 21464.2 34878.4 47054.4 57704.3 67886 76431.5 83195.8 87924.7 90628.6 91510.8 90355 87632 83483.5 77959.4 71826.1 66120.8 60849.8 55472.6 49882.2 44543.3 39459.9 34366.3 29541.6 25358.2 21709.4 18267.7 14911 11745.8 8981.43 6702.71 4856.32 3361.81 2192.4 1350.05 789.378 33.0691 740.722 899.192 1461.15 1971.23 2417.38 2843.92 3201.92 3485.29 3683.39 3796.67 3833.62 3785.2 3671.13 3497.34 3265.92 3008.98 2769.97 2549.16 2323.89 2089.7 1866.03 1653.08 1439.69 1237.57 1062.32 909.465 765.282 624.659 492.062 376.255 280.794 203.444 140.835 91.8455 56.5569 33.0691 1.38535 
