4.78993e-08 4.47099e-08 3.89935e-08 3.21036e-08 2.55744e-08 1.98179e-08 1.49443e-08 1.0958e-08 7.74665e-09 5.20915e-09 3.24292e-09 1.74717e-09 6.24229e-10 -2.00651e-10 -7.8632e-10 -1.18139e-09 -1.4297e-09 -1.57031e-09 -1.62804e-09 -1.6162e-09 -1.5509e-09 -1.45054e-09 -1.32496e-09 -1.17968e-09 -1.01806e-09 -8.4581e-10 -6.71554e-10 -4.98742e-10 -3.24632e-10 -1.48156e-10 2.78364e-11 1.98142e-10 3.60429e-10 5.16302e-10 6.67493e-10 8.11157e-10 1.02684e-09 4.47099e-08 4.17329e-08 3.63972e-08 2.9966e-08 2.38714e-08 1.8498e-08 1.39488e-08 1.02279e-08 7.23031e-09 4.86173e-09 3.0264e-09 1.63024e-09 5.8208e-10 -1.8786e-10 -7.3451e-10 -1.10325e-09 -1.33499e-09 -1.46622e-09 -1.52007e-09 -1.50898e-09 -1.448e-09 -1.35429e-09 -1.23704e-09 -1.10141e-09 -9.50517e-10 -7.8971e-10 -6.27031e-10 -4.65701e-10 -3.03161e-10 -1.38412e-10 2.58834e-11 1.8487e-10 3.3637e-10 4.81882e-10 6.23024e-10 7.57138e-10 9.58481e-10 3.89935e-08 3.63972e-08 3.17437e-08 2.61347e-08 2.08193e-08 1.61329e-08 1.21653e-08 8.92007e-09 6.30573e-09 4.23996e-09 2.63929e-09 1.42163e-09 5.07481e-10 -1.64014e-10 -6.40766e-10 -9.62355e-10 -1.16446e-09 -1.27889e-09 -1.32585e-09 -1.31617e-09 -1.26298e-09 -1.18124e-09 -1.07897e-09 -9.60673e-10 -8.29064e-10 -6.88809e-10 -5.46921e-10 -4.0621e-10 -2.64444e-10 -1.20753e-10 2.25438e-11 1.61209e-10 2.93345e-10 4.20259e-10 5.4336e-10 6.60332e-10 8.35939e-10 3.21036e-08 2.9966e-08 2.61347e-08 2.15168e-08 1.71408e-08 1.32826e-08 1.00161e-08 7.3444e-09 5.19205e-09 3.49134e-09 2.17351e-09 1.17101e-09 4.18382e-10 -1.34478e-10 -5.27012e-10 -7.91803e-10 -9.58224e-10 -1.05247e-09 -1.09116e-09 -1.08322e-09 -1.03946e-09 -9.72193e-10 -8.88024e-10 -7.90659e-10 -6.82332e-10 -5.66886e-10 -4.50095e-10 -3.34271e-10 -2.17578e-10 -9.92977e-11 1.86576e-11 1.32802e-10 2.41571e-10 3.46042e-10 4.47375e-10 5.43663e-10 6.88219e-10 2.55744e-08 2.38714e-08 2.08193e-08 1.71408e-08 1.36549e-08 1.05816e-08 7.97966e-09 5.85145e-09 4.13695e-09 2.78218e-09 1.73241e-09 9.33808e-10 3.34237e-10 -1.06207e-10 -4.18942e-10 -6.29922e-10 -7.62544e-10 -8.37672e-10 -8.68544e-10 -8.62273e-10 -8.27462e-10 -7.73927e-10 -7.06925e-10 -6.2941e-10 -5.43161e-10 -4.51239e-10 -3.58243e-10 -2.66015e-10 -1.73093e-10 -7.8906e-11 1.50241e-11 1.0592e-10 1.92537e-10 2.75731e-10 3.56427e-10 4.33106e-10 5.48225e-10 1.98179e-08 1.8498e-08 1.61329e-08 1.32826e-08 1.05816e-08 8.20031e-09 6.18426e-09 4.53526e-09 3.20679e-09 2.15705e-09 1.34361e-09 7.2477e-10 2.60144e-10 -8.11895e-11 -3.23573e-10 -4.87115e-10 -5.89942e-10 -6.48219e-10 -6.72204e-10 -6.67407e-10 -6.40494e-10 -5.9907e-10 -5.47209e-10 -4.87199e-10 -4.2042e-10 -3.49242e-10 -2.7723e-10 -2.0581e-10 -1.3385e-10 -6.09079e-11 1.18367e-11 8.22325e-11 1.49315e-10 2.13747e-10 2.76245e-10 3.35634e-10 4.24797e-10 1.49443e-08 1.39488e-08 1.21653e-08 1.00161e-08 7.97966e-09 6.18426e-09 4.66423e-09 3.42094e-09 2.4193e-09 1.6278e-09 1.01444e-09 5.47802e-10 1.97424e-10 -6.00009e-11 -2.42823e-10 -3.66203e-10 -4.43806e-10 -4.87817e-10 -5.05971e-10 -5.02423e-10 -4.82197e-10 -4.51027e-10 -4.11985e-10 -3.66796e-10 -3.165e-10 -2.62886e-10 -2.08639e-10 -1.54836e-10 -1.00624e-10 -4.56686e-11 9.1396e-12 6.21792e-11 1.12723e-10 1.61271e-10 2.08362e-10 2.53112e-10 3.20299e-10 1.0958e-08 1.02279e-08 8.92007e-09 7.3444e-09 5.85145e-09 4.53526e-09 3.42094e-09 2.50948e-09 1.77516e-09 1.19487e-09 7.45173e-10 4.03019e-10 1.46087e-10 -4.27052e-11 -1.76809e-10 -2.67338e-10 -3.24307e-10 -3.56648e-10 -3.70031e-10 -3.67501e-10 -3.52743e-10 -3.29959e-10 -3.014e-10 -2.68332e-10 -2.31517e-10 -1.92266e-10 -1.52549e-10 -1.13154e-10 -7.34556e-11 -3.32113e-11 6.92744e-12 4.57721e-11 8.27896e-11 1.18346e-10 1.52837e-10 1.85614e-10 2.34827e-10 7.74665e-09 7.23031e-09 6.30573e-09 5.19205e-09 4.13695e-09 3.20679e-09 2.4193e-09 1.77516e-09 1.25619e-09 8.46055e-10 5.28194e-10 2.86325e-10 1.04674e-10 -2.88259e-11 -1.2368e-10 -1.87741e-10 -2.28085e-10 -2.51022e-10 -2.60558e-10 -2.58847e-10 -2.4849e-10 -2.32458e-10 -2.12342e-10 -1.89035e-10 -1.63077e-10 -1.35396e-10 -1.07381e-10 -7.95901e-11 -5.15827e-11 -2.31873e-11 5.13582e-12 3.25471e-11 5.86697e-11 8.37622e-11 1.08104e-10 1.31237e-10 1.65973e-10 5.20915e-09 4.86173e-09 4.23996e-09 3.49134e-09 2.78218e-09 2.15705e-09 1.6278e-09 1.19487e-09 8.46055e-10 5.70366e-10 3.56677e-10 1.9405e-10 7.18853e-11 -1.79234e-11 -8.17616e-11 -1.24906e-10 -1.5211e-10 -1.67612e-10 -1.74105e-10 -1.73036e-10 -1.66154e-10 -1.55454e-10 -1.42005e-10 -1.26408e-10 -1.09027e-10 -9.04833e-11 -7.17122e-11 -5.30882e-11 -3.43159e-11 -1.52804e-11 3.70889e-12 2.20881e-11 3.96041e-11 5.64304e-11 7.27543e-11 8.82689e-11 1.11568e-10 3.24292e-09 3.0264e-09 2.63929e-09 2.17351e-09 1.73241e-09 1.34361e-09 1.01444e-09 7.45173e-10 5.28194e-10 3.56677e-10 2.23706e-10 1.22479e-10 4.64091e-11 -9.54275e-12 -4.93452e-11 -7.62783e-11 -9.3297e-11 -1.03035e-10 -1.07166e-10 -1.06591e-10 -1.02398e-10 -9.58261e-11 -8.75394e-11 -7.79131e-11 -6.71737e-11 -5.5708e-11 -4.40966e-11 -3.25727e-11 -2.09534e-11 -9.16798e-12 2.59142e-12 1.39745e-11 2.48239e-11 3.52471e-11 4.53603e-11 5.49736e-11 6.94136e-11 1.74717e-09 1.63024e-09 1.42163e-09 1.17101e-09 9.33808e-10 7.2477e-10 5.47802e-10 4.03019e-10 2.86325e-10 1.9405e-10 1.22479e-10 6.79603e-11 2.69559e-11 -3.23843e-12 -2.47536e-11 -3.93516e-11 -4.86184e-11 -5.39676e-11 -5.62981e-11 -5.60954e-11 -5.39437e-11 -5.05075e-11 -4.61444e-11 -4.10565e-11 -3.5366e-11 -2.92811e-11 -2.31129e-11 -1.69871e-11 -1.08064e-11 -4.53328e-12 1.72892e-12 7.79246e-12 1.35728e-11 1.91273e-11 2.45182e-11 2.96442e-11 3.73475e-11 6.24229e-10 5.8208e-10 5.07481e-10 4.18382e-10 3.34237e-10 2.60144e-10 1.97424e-10 1.46087e-10 1.04674e-10 7.18853e-11 4.64091e-11 2.69559e-11 1.2278e-11 1.42306e-12 -6.36025e-12 -1.16942e-11 -1.51376e-11 -1.7188e-11 -1.81628e-11 -1.82353e-11 -1.7612e-11 -1.65264e-11 -1.51051e-11 -1.34208e-11 -1.15173e-11 -9.46845e-12 -7.38357e-12 -5.30728e-12 -3.20652e-12 -1.06902e-12 1.06889e-12 3.14137e-12 5.11852e-12 7.02013e-12 8.86779e-12 1.0627e-11 1.32757e-11 -2.00651e-10 -1.8786e-10 -1.64014e-10 -1.34478e-10 -1.06207e-10 -8.11895e-11 -6.00009e-11 -4.27052e-11 -2.88259e-11 -1.79234e-11 -9.54275e-12 -3.23843e-12 1.42306e-12 4.77617e-12 7.08256e-12 8.55694e-12 9.39482e-12 9.77154e-12 9.79654e-12 9.52578e-12 9.03034e-12 8.39326e-12 7.6573e-12 6.84523e-12 5.97044e-12 5.05796e-12 4.14668e-12 3.25141e-12 2.35806e-12 1.46055e-12 5.71622e-13 -2.85029e-13 -1.09915e-12 -1.87856e-12 -2.63147e-12 -3.3435e-12 -4.40497e-12 -7.8632e-10 -7.3451e-10 -6.40766e-10 -5.27012e-10 -4.18942e-10 -3.23573e-10 -2.42823e-10 -1.76809e-10 -1.2368e-10 -8.17616e-11 -4.93452e-11 -2.47536e-11 -6.36025e-12 7.08256e-12 1.65555e-11 2.28672e-11 2.67487e-11 2.88526e-11 2.95916e-11 2.91843e-11 2.78987e-11 2.60426e-11 2.3779e-11 2.11982e-11 1.83546e-11 1.53432e-11 1.2308e-11 9.30617e-12 6.29009e-12 3.24069e-12 2.0556e-13 -2.72808e-12 -5.52148e-12 -8.20204e-12 -1.07991e-11 -1.32636e-11 -1.69563e-11 -1.18139e-09 -1.10325e-09 -9.62355e-10 -7.91803e-10 -6.29922e-10 -4.87115e-10 -3.66203e-10 -2.67338e-10 -1.87741e-10 -1.24906e-10 -7.62783e-11 -3.93516e-11 -1.16942e-11 8.55694e-12 2.28672e-11 3.24458e-11 3.83846e-11 4.16581e-11 4.28831e-11 4.23883e-11 4.05743e-11 3.79003e-11 3.46105e-11 3.08409e-11 2.66733e-11 2.22499e-11 1.77858e-11 1.33665e-11 8.92186e-12 4.42414e-12 -5.56145e-14 -4.38737e-12 -8.51315e-12 -1.24735e-11 -1.63122e-11 -1.99566e-11 -2.5421e-11 -1.4297e-09 -1.33499e-09 -1.16446e-09 -9.58224e-10 -7.62544e-10 -5.89942e-10 -4.43806e-10 -3.24307e-10 -2.28085e-10 -1.5211e-10 -9.3297e-11 -4.86184e-11 -1.51376e-11 9.39482e-12 2.67487e-11 3.83846e-11 4.56209e-11 4.96343e-11 5.11697e-11 5.06248e-11 4.84838e-11 4.53007e-11 4.13707e-11 3.68585e-11 3.18631e-11 2.65566e-11 2.11986e-11 1.58922e-11 1.05534e-11 5.149e-12 -2.35287e-13 -5.44252e-12 -1.04027e-11 -1.51646e-11 -1.97808e-11 -2.41643e-11 -3.07387e-11 -1.57031e-09 -1.46622e-09 -1.27889e-09 -1.05247e-09 -8.37672e-10 -6.48219e-10 -4.87817e-10 -3.56648e-10 -2.51022e-10 -1.67612e-10 -1.03035e-10 -5.39676e-11 -1.7188e-11 9.77154e-12 2.88526e-11 4.16581e-11 4.96343e-11 5.40719e-11 5.57885e-11 5.52208e-11 5.29e-11 4.9434e-11 4.51466e-11 4.02189e-11 3.47598e-11 2.89579e-11 2.30981e-11 1.72936e-11 1.14526e-11 5.53862e-12 -3.54135e-13 -6.0536e-12 -1.14829e-11 -1.66956e-11 -2.17493e-11 -2.65485e-11 -3.37475e-11 -1.62804e-09 -1.52007e-09 -1.32585e-09 -1.09116e-09 -8.68544e-10 -6.72204e-10 -5.05971e-10 -3.70031e-10 -2.60558e-10 -1.74105e-10 -1.07166e-10 -5.62981e-11 -1.81628e-11 9.79654e-12 2.95916e-11 4.28831e-11 5.11697e-11 5.57885e-11 5.75865e-11 5.70168e-11 5.46295e-11 5.10544e-11 4.66273e-11 4.15358e-11 3.58927e-11 2.98938e-11 2.38339e-11 1.78306e-11 1.17888e-11 5.6709e-12 -4.25597e-13 -6.32242e-12 -1.19399e-11 -1.73335e-11 -2.25628e-11 -2.75291e-11 -3.49793e-11 -1.6162e-09 -1.50898e-09 -1.31617e-09 -1.08322e-09 -8.62273e-10 -6.67407e-10 -5.02423e-10 -3.67501e-10 -2.58847e-10 -1.73036e-10 -1.06591e-10 -5.60954e-11 -1.82353e-11 9.52578e-12 2.91843e-11 4.23883e-11 5.06248e-11 5.52208e-11 5.70168e-11 5.64624e-11 5.41037e-11 5.05656e-11 4.61813e-11 4.11372e-11 3.55452e-11 2.95996e-11 2.3593e-11 1.7642e-11 1.16525e-11 5.58707e-12 -4.57388e-13 -6.30406e-12 -1.18739e-11 -1.72218e-11 -2.2407e-11 -2.73316e-11 -3.47197e-11 -1.5509e-09 -1.448e-09 -1.26298e-09 -1.03946e-09 -8.27462e-10 -6.40494e-10 -4.82197e-10 -3.52743e-10 -2.4849e-10 -1.66154e-10 -1.02398e-10 -5.39437e-11 -1.7612e-11 9.03034e-12 2.78987e-11 4.05743e-11 4.84838e-11 5.29e-11 5.46295e-11 5.41037e-11 5.18466e-11 4.84576e-11 4.42563e-11 3.94216e-11 3.40612e-11 2.83611e-11 2.26023e-11 1.68966e-11 1.11536e-11 5.33774e-12 -4.58246e-13 -6.06467e-12 -1.14057e-11 -1.6534e-11 -2.15063e-11 -2.62289e-11 -3.3314e-11 -1.45054e-09 -1.35429e-09 -1.18124e-09 -9.72193e-10 -7.73927e-10 -5.9907e-10 -4.51027e-10 -3.29959e-10 -2.32458e-10 -1.55454e-10 -9.58261e-11 -5.05075e-11 -1.65264e-11 8.39326e-12 2.60426e-11 3.79003e-11 4.53007e-11 4.9434e-11 5.10544e-11 5.05656e-11 4.84576e-11 4.52907e-11 4.13642e-11 3.68451e-11 3.18341e-11 2.65055e-11 2.11218e-11 1.57876e-11 1.04185e-11 4.98108e-12 -4.37807e-13 -5.67951e-12 -1.06731e-11 -1.54679e-11 -2.01168e-11 -2.45323e-11 -3.11568e-11 -1.32496e-09 -1.23704e-09 -1.07897e-09 -8.88024e-10 -7.06925e-10 -5.47209e-10 -4.11985e-10 -3.014e-10 -2.12342e-10 -1.42005e-10 -8.75394e-11 -4.61444e-11 -1.51051e-11 7.6573e-12 2.3779e-11 3.46105e-11 4.13707e-11 4.51466e-11 4.66273e-11 4.61813e-11 4.42563e-11 4.13642e-11 3.7778e-11 3.36507e-11 2.9074e-11 2.42072e-11 1.929e-11 1.4418e-11 9.51414e-12 4.54785e-12 -4.0153e-13 -5.18909e-12 -9.75005e-12 -1.41294e-11 -1.83756e-11 -2.24085e-11 -2.84591e-11 -1.17968e-09 -1.10141e-09 -9.60673e-10 -7.90659e-10 -6.2941e-10 -4.87199e-10 -3.66796e-10 -2.68332e-10 -1.89035e-10 -1.26408e-10 -7.79131e-11 -4.10565e-11 -1.34208e-11 6.84523e-12 2.11982e-11 3.08409e-11 3.68585e-11 4.02189e-11 4.15358e-11 4.11372e-11 3.94216e-11 3.68451e-11 3.36507e-11 2.99744e-11 2.58982e-11 2.15636e-11 1.71843e-11 1.28453e-11 8.47796e-12 4.05508e-12 -3.52698e-13 -4.61633e-12 -8.67816e-12 -1.25782e-11 -1.63597e-11 -1.99512e-11 -2.53395e-11 -1.01806e-09 -9.50517e-10 -8.29064e-10 -6.82332e-10 -5.43161e-10 -4.2042e-10 -3.165e-10 -2.31517e-10 -1.63077e-10 -1.09027e-10 -6.71737e-11 -3.5366e-11 -1.15173e-11 5.97044e-12 1.83546e-11 2.66733e-11 3.18631e-11 3.47598e-11 3.58927e-11 3.55452e-11 3.40612e-11 3.18341e-11 2.9074e-11 2.58982e-11 2.23773e-11 1.86335e-11 1.48513e-11 1.1104e-11 7.3324e-12 3.51296e-12 -2.93348e-13 -3.97513e-12 -7.4826e-12 -1.08504e-11 -1.41156e-11 -1.72168e-11 -2.18694e-11 -8.4581e-10 -7.8971e-10 -6.88809e-10 -5.66886e-10 -4.51239e-10 -3.49242e-10 -2.62886e-10 -1.92266e-10 -1.35396e-10 -9.04833e-11 -5.5708e-11 -2.92811e-11 -9.46845e-12 5.05796e-12 1.53432e-11 2.22499e-11 2.65566e-11 2.89579e-11 2.98938e-11 2.95996e-11 2.83611e-11 2.65055e-11 2.42072e-11 2.15636e-11 1.86335e-11 1.55185e-11 1.23716e-11 9.25416e-12 6.11658e-12 2.93944e-12 -2.26634e-13 -3.28904e-12 -6.2064e-12 -9.0075e-12 -1.17233e-11 -1.43025e-11 -1.81719e-11 -6.71554e-10 -6.27031e-10 -5.46921e-10 -4.50095e-10 -3.58243e-10 -2.7723e-10 -2.08639e-10 -1.52549e-10 -1.07381e-10 -7.17122e-11 -4.40966e-11 -2.31129e-11 -7.38357e-12 4.14668e-12 1.2308e-11 1.77858e-11 2.11986e-11 2.30981e-11 2.38339e-11 2.3593e-11 2.26023e-11 2.11218e-11 1.929e-11 1.71843e-11 1.48513e-11 1.23716e-11 9.86713e-12 7.38621e-12 4.8896e-12 2.36176e-12 -1.57074e-13 -2.59331e-12 -4.9141e-12 -7.14231e-12 -9.30255e-12 -1.13541e-11 -1.44315e-11 -4.98742e-10 -4.65701e-10 -4.0621e-10 -3.34271e-10 -2.66015e-10 -2.0581e-10 -1.54836e-10 -1.13154e-10 -7.95901e-11 -5.30882e-11 -3.25727e-11 -1.69871e-11 -5.30728e-12 3.25141e-12 9.30617e-12 1.33665e-11 1.58922e-11 1.72936e-11 1.78306e-11 1.7642e-11 1.68966e-11 1.57876e-11 1.4418e-11 1.28453e-11 1.1104e-11 9.25416e-12 7.38621e-12 5.53624e-12 3.67492e-12 1.79067e-12 -8.66114e-14 -1.90218e-12 -3.63162e-12 -5.29196e-12 -6.90152e-12 -8.42994e-12 -1.07223e-11 -3.24632e-10 -3.03161e-10 -2.64444e-10 -2.17578e-10 -1.73093e-10 -1.3385e-10 -1.00624e-10 -7.34556e-11 -5.15827e-11 -3.43159e-11 -2.09534e-11 -1.08064e-11 -3.20652e-12 2.35806e-12 6.29009e-12 8.92186e-12 1.05534e-11 1.14526e-11 1.17888e-11 1.16525e-11 1.11536e-11 1.04185e-11 9.51414e-12 8.47796e-12 7.3324e-12 6.11658e-12 4.8896e-12 3.67492e-12 2.45332e-12 1.21713e-12 -1.41075e-14 -1.20466e-12 -2.33861e-12 -3.42709e-12 -4.4821e-12 -5.48372e-12 -6.98554e-12 -1.48156e-10 -1.38412e-10 -1.20753e-10 -9.92977e-11 -7.8906e-11 -6.09079e-11 -4.56686e-11 -3.32113e-11 -2.31873e-11 -1.52804e-11 -9.16798e-12 -4.53328e-12 -1.06902e-12 1.46055e-12 3.24069e-12 4.42414e-12 5.149e-12 5.53862e-12 5.6709e-12 5.58707e-12 5.33774e-12 4.98108e-12 4.54785e-12 4.05508e-12 3.51296e-12 2.93944e-12 2.36176e-12 1.79067e-12 1.21713e-12 6.37506e-13 6.07778e-14 -4.96558e-13 -1.02718e-12 -1.5363e-12 -2.02946e-12 -2.49734e-12 -3.19818e-12 2.78364e-11 2.58834e-11 2.25438e-11 1.86576e-11 1.50241e-11 1.18367e-11 9.1396e-12 6.92744e-12 5.13582e-12 3.70889e-12 2.59142e-12 1.72892e-12 1.06889e-12 5.71622e-13 2.0556e-13 -5.56145e-14 -2.35287e-13 -3.54135e-13 -4.25597e-13 -4.57388e-13 -4.58246e-13 -4.37807e-13 -4.0153e-13 -3.52698e-13 -2.93348e-13 -2.26634e-13 -1.57074e-13 -8.66114e-14 -1.41075e-14 6.07778e-14 1.36528e-13 2.10452e-13 2.81279e-13 3.49752e-13 4.16706e-13 4.80922e-13 5.78638e-13 1.98142e-10 1.8487e-10 1.61209e-10 1.32802e-10 1.0592e-10 8.22325e-11 6.21792e-11 4.57721e-11 3.25471e-11 2.20881e-11 1.39745e-11 7.79246e-12 3.14137e-12 -2.85029e-13 -2.72808e-12 -4.38737e-12 -5.44252e-12 -6.0536e-12 -6.32242e-12 -6.30406e-12 -6.06467e-12 -5.67951e-12 -5.18909e-12 -4.61633e-12 -3.97513e-12 -3.28904e-12 -2.59331e-12 -1.90218e-12 -1.20466e-12 -4.96558e-13 2.10452e-13 8.9511e-13 1.54783e-12 2.17511e-12 2.78398e-12 3.363e-12 4.23332e-12 3.60429e-10 3.3637e-10 2.93345e-10 2.41571e-10 1.92537e-10 1.49315e-10 1.12723e-10 8.27896e-11 5.86697e-11 3.96041e-11 2.48239e-11 1.35728e-11 5.11852e-12 -1.09915e-12 -5.52148e-12 -8.51315e-12 -1.04027e-11 -1.14829e-11 -1.19399e-11 -1.18739e-11 -1.14057e-11 -1.06731e-11 -9.75005e-12 -8.67816e-12 -7.4826e-12 -6.2064e-12 -4.9141e-12 -3.63162e-12 -2.33861e-12 -1.02718e-12 2.81279e-13 1.54783e-12 2.75498e-12 3.91469e-12 5.03988e-12 6.10941e-12 7.71587e-12 5.16302e-10 4.81882e-10 4.20259e-10 3.46042e-10 2.75731e-10 2.13747e-10 1.61271e-10 1.18346e-10 8.37622e-11 5.64304e-11 3.52471e-11 1.91273e-11 7.02013e-12 -1.87856e-12 -8.20204e-12 -1.24735e-11 -1.51646e-11 -1.66956e-11 -1.73335e-11 -1.72218e-11 -1.6534e-11 -1.54679e-11 -1.41294e-11 -1.25782e-11 -1.08504e-11 -9.0075e-12 -7.14231e-12 -5.29196e-12 -3.42709e-12 -1.5363e-12 3.49752e-13 2.17511e-12 3.91469e-12 5.5857e-12 7.20674e-12 8.74732e-12 1.10607e-11 6.67493e-10 6.23024e-10 5.4336e-10 4.47375e-10 3.56427e-10 2.76245e-10 2.08362e-10 1.52837e-10 1.08104e-10 7.27543e-11 4.53603e-11 2.45182e-11 8.86779e-12 -2.63147e-12 -1.07991e-11 -1.63122e-11 -1.97808e-11 -2.17493e-11 -2.25628e-11 -2.2407e-11 -2.15063e-11 -2.01168e-11 -1.83756e-11 -1.63597e-11 -1.41156e-11 -1.17233e-11 -9.30255e-12 -6.90152e-12 -4.4821e-12 -2.02946e-12 4.16706e-13 2.78398e-12 5.03988e-12 7.20674e-12 9.30864e-12 1.1306e-11 1.4305e-11 8.11157e-10 7.57138e-10 6.60332e-10 5.43663e-10 4.33106e-10 3.35634e-10 2.53112e-10 1.85614e-10 1.31237e-10 8.82689e-11 5.49736e-11 2.96442e-11 1.0627e-11 -3.3435e-12 -1.32636e-11 -1.99566e-11 -2.41643e-11 -2.65485e-11 -2.75291e-11 -2.73316e-11 -2.62289e-11 -2.45323e-11 -2.24085e-11 -1.99512e-11 -1.72168e-11 -1.43025e-11 -1.13541e-11 -8.42994e-12 -5.48372e-12 -2.49734e-12 4.80922e-13 3.363e-12 6.10941e-12 8.74732e-12 1.1306e-11 1.37374e-11 1.73877e-11 1.02684e-09 9.58481e-10 8.35939e-10 6.88219e-10 5.48225e-10 4.24797e-10 3.20299e-10 2.34827e-10 1.65973e-10 1.11568e-10 6.94136e-11 3.73475e-11 1.32757e-11 -4.40497e-12 -1.69563e-11 -2.5421e-11 -3.07387e-11 -3.37475e-11 -3.49793e-11 -3.47197e-11 -3.3314e-11 -3.11568e-11 -2.84591e-11 -2.53395e-11 -2.18694e-11 -1.81719e-11 -1.44315e-11 -1.07223e-11 -6.98554e-12 -3.19818e-12 5.78638e-13 4.23332e-12 7.71587e-12 1.10607e-11 1.4305e-11 1.73877e-11 2.20155e-11 
