0.0142644 0.00692238 0.00538361 0.00418689 0.00325618 0.00253237 0.00196945 0.00153166 0.00119119 0.000926397 0.000720467 0.000560315 0.000435763 0.000338897 0.000263564 0.000204976 0.000159412 0.000123976 9.64176e-05 7.49849e-05 5.83166e-05 4.53534e-05 3.52718e-05 2.74312e-05 2.13335e-05 1.65913e-05 1.29032e-05 1.0035e-05 7.8043e-06 6.06945e-06 4.72028e-06 3.67101e-06 2.85499e-06 2.22034e-06 1.72679e-06 1.34292e-06 4.66785e-06 0.00692238 0.00335938 0.00261263 0.00203187 0.0015802 0.00122894 0.000955758 0.000743303 0.000578073 0.000449574 0.000349638 0.000271917 0.000211473 0.000164464 0.000127906 9.94734e-05 7.73615e-05 6.01648e-05 4.67907e-05 3.63896e-05 2.83006e-05 2.20096e-05 1.71171e-05 1.33122e-05 1.0353e-05 8.05163e-06 6.26184e-06 4.8699e-06 3.78737e-06 2.94546e-06 2.29072e-06 1.78151e-06 1.38551e-06 1.07752e-06 8.37998e-07 6.51711e-07 2.26527e-06 0.00538361 0.00261263 0.00203187 0.0015802 0.00122894 0.000955758 0.000743302 0.000578074 0.000449574 0.000349638 0.000271917 0.000211472 0.000164464 0.000127905 9.94734e-05 7.73615e-05 6.01648e-05 4.67908e-05 3.63896e-05 2.83006e-05 2.20097e-05 1.71171e-05 1.33122e-05 1.0353e-05 8.05164e-06 6.26184e-06 4.8699e-06 3.78737e-06 2.94547e-06 2.29072e-06 1.78151e-06 1.3855e-06 1.07752e-06 8.37995e-07 6.5172e-07 5.06842e-07 1.76173e-06 0.00418689 0.00203187 0.0015802 0.00122894 0.000955758 0.000743303 0.000578074 0.000449574 0.000349638 0.000271917 0.000211472 0.000164464 0.000127906 9.94735e-05 7.73615e-05 6.01648e-05 4.67908e-05 3.63897e-05 2.83006e-05 2.20096e-05 1.71171e-05 1.33122e-05 1.0353e-05 8.05163e-06 6.26184e-06 4.86989e-06 3.78737e-06 2.94548e-06 2.29073e-06 1.78151e-06 1.3855e-06 1.07752e-06 8.38e-07 6.51717e-07 5.06849e-07 3.94175e-07 1.37012e-06 0.00325618 0.0015802 0.00122894 0.000955758 0.000743302 0.000578074 0.000449574 0.000349638 0.000271917 0.000211473 0.000164464 0.000127905 9.94734e-05 7.73615e-05 6.01648e-05 4.67907e-05 3.63896e-05 2.83006e-05 2.20096e-05 1.71171e-05 1.33122e-05 1.0353e-05 8.05163e-06 6.26183e-06 4.86989e-06 3.78736e-06 2.94547e-06 2.29072e-06 1.78152e-06 1.3855e-06 1.07752e-06 8.37997e-07 6.5172e-07 5.06847e-07 3.94181e-07 3.06555e-07 1.06555e-06 0.00253237 0.00122894 0.000955758 0.000743303 0.000578074 0.000449574 0.000349638 0.000271917 0.000211472 0.000164464 0.000127905 9.94734e-05 7.73615e-05 6.01648e-05 4.67908e-05 3.63896e-05 2.83006e-05 2.20097e-05 1.71171e-05 1.33122e-05 1.0353e-05 8.05163e-06 6.26183e-06 4.86989e-06 3.78736e-06 2.94547e-06 2.29072e-06 1.78152e-06 1.38551e-06 1.07752e-06 8.37997e-07 6.51718e-07 5.0685e-07 3.9418e-07 3.06559e-07 2.38411e-07 8.28688e-07 0.00196945 0.000955758 0.000743302 0.000578074 0.000449574 0.000349638 0.000271917 0.000211473 0.000164464 0.000127906 9.94733e-05 7.73615e-05 6.01648e-05 4.67908e-05 3.63896e-05 2.83006e-05 2.20097e-05 1.71171e-05 1.33122e-05 1.0353e-05 8.05164e-06 6.26183e-06 4.86989e-06 3.78736e-06 2.94547e-06 2.29072e-06 1.78152e-06 1.38551e-06 1.07752e-06 8.37996e-07 6.51718e-07 5.06848e-07 3.94182e-07 3.06557e-07 2.38414e-07 1.85414e-07 6.44481e-07 0.00153166 0.000743303 0.000578074 0.000449574 0.000349638 0.000271917 0.000211473 0.000164464 0.000127906 9.94735e-05 7.73614e-05 6.01648e-05 4.67908e-05 3.63896e-05 2.83006e-05 2.20097e-05 1.71171e-05 1.33122e-05 1.0353e-05 8.05163e-06 6.26184e-06 4.86989e-06 3.78736e-06 2.94547e-06 2.29072e-06 1.78152e-06 1.38551e-06 1.07752e-06 8.37999e-07 6.51718e-07 5.06848e-07 3.94181e-07 3.06559e-07 2.38413e-07 1.85417e-07 1.44198e-07 5.0122e-07 0.00119119 0.000578073 0.000449574 0.000349638 0.000271917 0.000211472 0.000164464 0.000127906 9.94733e-05 7.73614e-05 6.01647e-05 4.67907e-05 3.63896e-05 2.83006e-05 2.20096e-05 1.71171e-05 1.33122e-05 1.0353e-05 8.05163e-06 6.26183e-06 4.86989e-06 3.78736e-06 2.94547e-06 2.29072e-06 1.78152e-06 1.3855e-06 1.07752e-06 8.37999e-07 6.5172e-07 5.06847e-07 3.94181e-07 3.06558e-07 2.38414e-07 1.85416e-07 1.442e-07 1.12145e-07 3.898e-07 0.000926397 0.000449574 0.000349638 0.000271917 0.000211473 0.000164464 0.000127906 9.94735e-05 7.73614e-05 6.01648e-05 4.67907e-05 3.63896e-05 2.83006e-05 2.20096e-05 1.71171e-05 1.33122e-05 1.0353e-05 8.05163e-06 6.26183e-06 4.86989e-06 3.78736e-06 2.94547e-06 2.29072e-06 1.78152e-06 1.3855e-06 1.07752e-06 8.37999e-07 6.5172e-07 5.06849e-07 3.9418e-07 3.06558e-07 2.38413e-07 1.85417e-07 1.442e-07 1.12146e-07 8.7216e-08 3.03154e-07 0.000720467 0.000349638 0.000271917 0.000211472 0.000164464 0.000127905 9.94733e-05 7.73614e-05 6.01647e-05 4.67907e-05 3.63896e-05 2.83006e-05 2.20096e-05 1.71171e-05 1.33121e-05 1.0353e-05 8.05162e-06 6.26183e-06 4.86989e-06 3.78736e-06 2.94547e-06 2.29072e-06 1.78151e-06 1.3855e-06 1.07752e-06 8.37997e-07 6.51719e-07 5.06849e-07 3.94181e-07 3.06558e-07 2.38413e-07 1.85416e-07 1.442e-07 1.12146e-07 8.72171e-08 6.78291e-08 2.35761e-07 0.000560315 0.000271917 0.000211472 0.000164464 0.000127905 9.94734e-05 7.73615e-05 6.01648e-05 4.67907e-05 3.63896e-05 2.83006e-05 2.20096e-05 1.71171e-05 1.33122e-05 1.0353e-05 8.05163e-06 6.26183e-06 4.86989e-06 3.78736e-06 2.94547e-06 2.29072e-06 1.78152e-06 1.3855e-06 1.07752e-06 8.37998e-07 6.5172e-07 5.06849e-07 3.94182e-07 3.06559e-07 2.38413e-07 1.85417e-07 1.442e-07 1.12146e-07 8.72168e-08 6.78297e-08 5.27512e-08 1.83356e-07 0.000435763 0.000211473 0.000164464 0.000127906 9.94734e-05 7.73615e-05 6.01648e-05 4.67908e-05 3.63896e-05 2.83006e-05 2.20096e-05 1.71171e-05 1.33122e-05 1.0353e-05 8.05163e-06 6.26183e-06 4.86989e-06 3.78736e-06 2.94547e-06 2.29072e-06 1.78152e-06 1.3855e-06 1.07752e-06 8.37998e-07 6.5172e-07 5.06849e-07 3.94182e-07 3.06559e-07 2.38414e-07 1.85416e-07 1.442e-07 1.12146e-07 8.72174e-08 6.78294e-08 5.27519e-08 4.10251e-08 1.42599e-07 0.000338897 0.000164464 0.000127905 9.94735e-05 7.73615e-05 6.01648e-05 4.67908e-05 3.63896e-05 2.83006e-05 2.20096e-05 1.71171e-05 1.33122e-05 1.0353e-05 8.05163e-06 6.26183e-06 4.86989e-06 3.78736e-06 2.94547e-06 2.29072e-06 1.78152e-06 1.3855e-06 1.07752e-06 8.37998e-07 6.51719e-07 5.06849e-07 3.94181e-07 3.06559e-07 2.38414e-07 1.85417e-07 1.442e-07 1.12146e-07 8.7217e-08 6.78298e-08 5.27516e-08 4.10256e-08 3.19056e-08 1.109e-07 0.000263564 0.000127906 9.94734e-05 7.73615e-05 6.01648e-05 4.67908e-05 3.63896e-05 2.83006e-05 2.20096e-05 1.71171e-05 1.33121e-05 1.0353e-05 8.05163e-06 6.26183e-06 4.86989e-06 3.78736e-06 2.94547e-06 2.29072e-06 1.78152e-06 1.3855e-06 1.07752e-06 8.37998e-07 6.51719e-07 5.06849e-07 3.94182e-07 3.06559e-07 2.38414e-07 1.85417e-07 1.44201e-07 1.12146e-07 8.72171e-08 6.78296e-08 5.27519e-08 4.10255e-08 3.19061e-08 2.48133e-08 8.62484e-08 0.000204976 9.94734e-05 7.73615e-05 6.01648e-05 4.67907e-05 3.63896e-05 2.83006e-05 2.20097e-05 1.71171e-05 1.33122e-05 1.0353e-05 8.05163e-06 6.26183e-06 4.86989e-06 3.78736e-06 2.94547e-06 2.29072e-06 1.78152e-06 1.3855e-06 1.07752e-06 8.37998e-07 6.5172e-07 5.06849e-07 3.94181e-07 3.06559e-07 2.38414e-07 1.85417e-07 1.44201e-07 1.12146e-07 8.7217e-08 6.78296e-08 5.27517e-08 4.10257e-08 3.19059e-08 2.48137e-08 1.92976e-08 6.70761e-08 0.000159412 7.73615e-05 6.01648e-05 4.67908e-05 3.63896e-05 2.83006e-05 2.20097e-05 1.71171e-05 1.33122e-05 1.0353e-05 8.05162e-06 6.26183e-06 4.86989e-06 3.78736e-06 2.94547e-06 2.29072e-06 1.78152e-06 1.3855e-06 1.07752e-06 8.37998e-07 6.5172e-07 5.06849e-07 3.94181e-07 3.06559e-07 2.38414e-07 1.85417e-07 1.44201e-07 1.12146e-07 8.72173e-08 6.78295e-08 5.27517e-08 4.10256e-08 3.19061e-08 2.48135e-08 1.92978e-08 1.50079e-08 5.21658e-08 0.000123976 6.01648e-05 4.67908e-05 3.63897e-05 2.83006e-05 2.20097e-05 1.71171e-05 1.33122e-05 1.0353e-05 8.05163e-06 6.26183e-06 4.86989e-06 3.78736e-06 2.94547e-06 2.29072e-06 1.78152e-06 1.3855e-06 1.07752e-06 8.37998e-07 6.51719e-07 5.06849e-07 3.94181e-07 3.06559e-07 2.38414e-07 1.85417e-07 1.44201e-07 1.12146e-07 8.72173e-08 6.78298e-08 5.27517e-08 4.10256e-08 3.1906e-08 2.48137e-08 1.92977e-08 1.50081e-08 1.16718e-08 4.05699e-08 9.64176e-05 4.67907e-05 3.63896e-05 2.83006e-05 2.20096e-05 1.71171e-05 1.33122e-05 1.0353e-05 8.05163e-06 6.26183e-06 4.86989e-06 3.78736e-06 2.94547e-06 2.29072e-06 1.78152e-06 1.3855e-06 1.07752e-06 8.37998e-07 6.51719e-07 5.06849e-07 3.94181e-07 3.06559e-07 2.38414e-07 1.85417e-07 1.44201e-07 1.12146e-07 8.72173e-08 6.78298e-08 5.27519e-08 4.10255e-08 3.1906e-08 2.48136e-08 1.92979e-08 1.5008e-08 1.1672e-08 9.07728e-09 3.15516e-08 7.49849e-05 3.63896e-05 2.83006e-05 2.20096e-05 1.71171e-05 1.33122e-05 1.0353e-05 8.05163e-06 6.26183e-06 4.86989e-06 3.78736e-06 2.94547e-06 2.29072e-06 1.78152e-06 1.3855e-06 1.07752e-06 8.37998e-07 6.51719e-07 5.06849e-07 3.94181e-07 3.06559e-07 2.38414e-07 1.85417e-07 1.442e-07 1.12146e-07 8.72172e-08 6.78297e-08 5.27519e-08 4.10257e-08 3.1906e-08 2.48136e-08 1.92978e-08 1.50081e-08 1.16719e-08 9.0774e-09 7.05949e-09 2.45379e-08 5.83166e-05 2.83006e-05 2.20097e-05 1.71171e-05 1.33122e-05 1.0353e-05 8.05164e-06 6.26184e-06 4.86989e-06 3.78736e-06 2.94547e-06 2.29072e-06 1.78152e-06 1.3855e-06 1.07752e-06 8.37998e-07 6.5172e-07 5.06849e-07 3.94181e-07 3.06559e-07 2.38414e-07 1.85417e-07 1.442e-07 1.12146e-07 8.72173e-08 6.78297e-08 5.27519e-08 4.10257e-08 3.19061e-08 2.48136e-08 1.92978e-08 1.50081e-08 1.1672e-08 9.07736e-09 7.05959e-09 5.49023e-09 1.90835e-08 4.53534e-05 2.20096e-05 1.71171e-05 1.33122e-05 1.0353e-05 8.05163e-06 6.26183e-06 4.86989e-06 3.78736e-06 2.94547e-06 2.29072e-06 1.78152e-06 1.3855e-06 1.07752e-06 8.37998e-07 6.5172e-07 5.06849e-07 3.94181e-07 3.06559e-07 2.38414e-07 1.85417e-07 1.442e-07 1.12146e-07 8.72172e-08 6.78297e-08 5.27518e-08 4.10257e-08 3.19061e-08 2.48137e-08 1.92978e-08 1.50081e-08 1.16719e-08 9.07741e-09 7.05955e-09 5.49031e-09 4.26981e-09 1.48414e-08 3.52718e-05 1.71171e-05 1.33122e-05 1.0353e-05 8.05163e-06 6.26183e-06 4.86989e-06 3.78736e-06 2.94547e-06 2.29072e-06 1.78151e-06 1.3855e-06 1.07752e-06 8.37998e-07 6.51719e-07 5.06849e-07 3.94181e-07 3.06559e-07 2.38414e-07 1.85417e-07 1.442e-07 1.12146e-07 8.72172e-08 6.78297e-08 5.27519e-08 4.10256e-08 3.19061e-08 2.48137e-08 1.92978e-08 1.50081e-08 1.16719e-08 9.07738e-09 7.05959e-09 5.49029e-09 4.26987e-09 3.32068e-09 1.15423e-08 2.74312e-05 1.33122e-05 1.0353e-05 8.05163e-06 6.26183e-06 4.86989e-06 3.78736e-06 2.94547e-06 2.29072e-06 1.78152e-06 1.3855e-06 1.07752e-06 8.37998e-07 6.51719e-07 5.06849e-07 3.94181e-07 3.06559e-07 2.38414e-07 1.85417e-07 1.442e-07 1.12146e-07 8.72172e-08 6.78297e-08 5.27518e-08 4.10257e-08 3.1906e-08 2.48137e-08 1.92978e-08 1.50081e-08 1.16719e-08 9.07738e-09 7.05957e-09 5.49032e-09 4.26985e-09 3.32072e-09 2.58252e-09 8.97655e-09 2.13335e-05 1.0353e-05 8.05164e-06 6.26184e-06 4.86989e-06 3.78736e-06 2.94547e-06 2.29072e-06 1.78152e-06 1.3855e-06 1.07752e-06 8.37998e-07 6.5172e-07 5.06849e-07 3.94182e-07 3.06559e-07 2.38414e-07 1.85417e-07 1.44201e-07 1.12146e-07 8.72173e-08 6.78297e-08 5.27519e-08 4.10257e-08 3.19061e-08 2.48137e-08 1.92979e-08 1.50081e-08 1.1672e-08 9.07737e-09 7.05957e-09 5.4903e-09 4.26988e-09 3.3207e-09 2.58256e-09 2.00845e-09 6.98121e-09 1.65913e-05 8.05163e-06 6.26184e-06 4.86989e-06 3.78736e-06 2.94547e-06 2.29072e-06 1.78152e-06 1.3855e-06 1.07752e-06 8.37997e-07 6.5172e-07 5.06849e-07 3.94181e-07 3.06559e-07 2.38414e-07 1.85417e-07 1.44201e-07 1.12146e-07 8.72172e-08 6.78297e-08 5.27518e-08 4.10256e-08 3.1906e-08 2.48137e-08 1.92978e-08 1.50081e-08 1.1672e-08 9.07741e-09 7.05956e-09 5.4903e-09 4.26986e-09 3.32072e-09 2.58254e-09 2.00848e-09 1.56199e-09 5.42933e-09 1.29032e-05 6.26184e-06 4.8699e-06 3.78737e-06 2.94547e-06 2.29072e-06 1.78152e-06 1.38551e-06 1.07752e-06 8.37999e-07 6.51719e-07 5.06849e-07 3.94182e-07 3.06559e-07 2.38414e-07 1.85417e-07 1.44201e-07 1.12146e-07 8.72173e-08 6.78297e-08 5.27519e-08 4.10257e-08 3.19061e-08 2.48137e-08 1.92979e-08 1.50081e-08 1.1672e-08 9.07742e-09 7.0596e-09 5.49029e-09 4.26986e-09 3.32071e-09 2.58256e-09 2.00847e-09 1.56202e-09 1.21477e-09 4.2225e-09 1.0035e-05 4.8699e-06 3.78737e-06 2.94548e-06 2.29072e-06 1.78152e-06 1.38551e-06 1.07752e-06 8.37999e-07 6.5172e-07 5.06849e-07 3.94182e-07 3.06559e-07 2.38414e-07 1.85417e-07 1.44201e-07 1.12146e-07 8.72173e-08 6.78298e-08 5.27519e-08 4.10257e-08 3.19061e-08 2.48137e-08 1.92978e-08 1.50081e-08 1.1672e-08 9.07742e-09 7.05961e-09 5.49032e-09 4.26986e-09 3.32071e-09 2.58255e-09 2.00849e-09 1.56201e-09 1.2148e-09 9.44741e-10 3.28389e-09 7.8043e-06 3.78737e-06 2.94547e-06 2.29073e-06 1.78152e-06 1.38551e-06 1.07752e-06 8.37999e-07 6.5172e-07 5.06849e-07 3.94181e-07 3.06559e-07 2.38414e-07 1.85417e-07 1.44201e-07 1.12146e-07 8.72173e-08 6.78298e-08 5.27519e-08 4.10257e-08 3.19061e-08 2.48137e-08 1.92978e-08 1.50081e-08 1.1672e-08 9.07741e-09 7.0596e-09 5.49032e-09 4.26988e-09 3.32071e-09 2.58255e-09 2.00848e-09 1.56202e-09 1.21479e-09 9.44759e-10 7.34735e-10 2.55391e-09 6.06945e-06 2.94546e-06 2.29072e-06 1.78151e-06 1.3855e-06 1.07752e-06 8.37996e-07 6.51718e-07 5.06847e-07 3.9418e-07 3.06558e-07 2.38413e-07 1.85416e-07 1.442e-07 1.12146e-07 8.7217e-08 6.78295e-08 5.27517e-08 4.10255e-08 3.1906e-08 2.48136e-08 1.92978e-08 1.50081e-08 1.16719e-08 9.07737e-09 7.05956e-09 5.49029e-09 4.26986e-09 3.32071e-09 2.58255e-09 2.00847e-09 1.56201e-09 1.21479e-09 9.44755e-10 7.34746e-10 5.71418e-10 1.9861e-09 4.72028e-06 2.29072e-06 1.78151e-06 1.3855e-06 1.07752e-06 8.37997e-07 6.51718e-07 5.06848e-07 3.94181e-07 3.06558e-07 2.38413e-07 1.85417e-07 1.442e-07 1.12146e-07 8.72171e-08 6.78296e-08 5.27517e-08 4.10256e-08 3.1906e-08 2.48136e-08 1.92978e-08 1.50081e-08 1.16719e-08 9.07738e-09 7.05957e-09 5.4903e-09 4.26986e-09 3.32071e-09 2.58255e-09 2.00847e-09 1.56201e-09 1.21479e-09 9.44757e-10 7.34745e-10 5.7142e-10 4.44396e-10 1.54463e-09 3.67101e-06 1.78151e-06 1.3855e-06 1.07752e-06 8.37997e-07 6.51718e-07 5.06848e-07 3.94181e-07 3.06558e-07 2.38413e-07 1.85416e-07 1.442e-07 1.12146e-07 8.7217e-08 6.78296e-08 5.27517e-08 4.10256e-08 3.1906e-08 2.48136e-08 1.92978e-08 1.50081e-08 1.16719e-08 9.07738e-09 7.05957e-09 5.4903e-09 4.26986e-09 3.32071e-09 2.58255e-09 2.00848e-09 1.56201e-09 1.21479e-09 9.44755e-10 7.34747e-10 5.71418e-10 4.44399e-10 3.45611e-10 1.20127e-09 2.85499e-06 1.38551e-06 1.07752e-06 8.38e-07 6.5172e-07 5.0685e-07 3.94182e-07 3.06559e-07 2.38414e-07 1.85417e-07 1.442e-07 1.12146e-07 8.72174e-08 6.78298e-08 5.27519e-08 4.10257e-08 3.19061e-08 2.48137e-08 1.92979e-08 1.50081e-08 1.1672e-08 9.07741e-09 7.05959e-09 5.49032e-09 4.26988e-09 3.32072e-09 2.58256e-09 2.00849e-09 1.56202e-09 1.21479e-09 9.44757e-10 7.34747e-10 5.71423e-10 4.44397e-10 3.45615e-10 2.68782e-10 9.34283e-10 2.22034e-06 1.07752e-06 8.37995e-07 6.51717e-07 5.06847e-07 3.9418e-07 3.06557e-07 2.38413e-07 1.85416e-07 1.442e-07 1.12146e-07 8.72168e-08 6.78294e-08 5.27516e-08 4.10255e-08 3.19059e-08 2.48135e-08 1.92977e-08 1.5008e-08 1.16719e-08 9.07736e-09 7.05955e-09 5.49029e-09 4.26985e-09 3.3207e-09 2.58254e-09 2.00847e-09 1.56201e-09 1.21479e-09 9.44755e-10 7.34745e-10 5.71418e-10 4.44397e-10 3.45613e-10 2.68786e-10 2.09039e-10 7.26543e-10 1.72679e-06 8.37998e-07 6.5172e-07 5.06849e-07 3.94181e-07 3.06559e-07 2.38414e-07 1.85417e-07 1.442e-07 1.12146e-07 8.72171e-08 6.78297e-08 5.27519e-08 4.10256e-08 3.19061e-08 2.48137e-08 1.92978e-08 1.50081e-08 1.1672e-08 9.0774e-09 7.05959e-09 5.49031e-09 4.26987e-09 3.32072e-09 2.58256e-09 2.00848e-09 1.56202e-09 1.2148e-09 9.44759e-10 7.34746e-10 5.7142e-10 4.44399e-10 3.45615e-10 2.68786e-10 2.09039e-10 1.62569e-10 5.65076e-10 1.34292e-06 6.51711e-07 5.06842e-07 3.94175e-07 3.06555e-07 2.38411e-07 1.85414e-07 1.44198e-07 1.12145e-07 8.7216e-08 6.78291e-08 5.27512e-08 4.10251e-08 3.19056e-08 2.48133e-08 1.92976e-08 1.50079e-08 1.16718e-08 9.07728e-09 7.05949e-09 5.49023e-09 4.26981e-09 3.32068e-09 2.58252e-09 2.00845e-09 1.56199e-09 1.21477e-09 9.44741e-10 7.34735e-10 5.71418e-10 4.44396e-10 3.45611e-10 2.68782e-10 2.09039e-10 1.62569e-10 1.26437e-10 4.39382e-10 4.66785e-06 2.26527e-06 1.76173e-06 1.37012e-06 1.06555e-06 8.28688e-07 6.44481e-07 5.0122e-07 3.898e-07 3.03154e-07 2.35761e-07 1.83356e-07 1.42599e-07 1.109e-07 8.62484e-08 6.70761e-08 5.21658e-08 4.05699e-08 3.15516e-08 2.45379e-08 1.90835e-08 1.48414e-08 1.15423e-08 8.97655e-09 6.98121e-09 5.42933e-09 4.2225e-09 3.28389e-09 2.55391e-09 1.9861e-09 1.54463e-09 1.20127e-09 9.34283e-10 7.26543e-10 5.65076e-10 4.39382e-10 1.52826e-09 
