0.000143095 5.95376e-05 5.02116e-05 5.38956e-05 3.52176e-05 2.31977e-05 1.23946e-05 1.10368e-05 1.19142e-05 1.72117e-05 1.39519e-05 4.34079e-06 1.10381e-06 4.30793e-07 1.90382e-07 1.16923e-07 8.96661e-08 6.93688e-08 4.70327e-08 2.59966e-08 1.08064e-08 3.64649e-09 1.62249e-09 1.24208e-09 1.06865e-09 1.12429e-09 1.19474e-09 1.26614e-09 1.11636e-09 1.00609e-09 8.69313e-10 8.5279e-10 8.96883e-10 1.111e-09 1.31762e-09 1.60511e-09 7.94543e-09 5.95376e-05 2.47718e-05 2.08915e-05 2.24243e-05 1.4653e-05 9.65187e-06 5.15703e-06 4.59206e-06 4.95716e-06 7.16128e-06 5.80496e-06 1.80607e-06 4.59262e-07 1.7924e-07 7.92119e-08 4.86484e-08 3.73074e-08 2.88622e-08 1.9569e-08 1.08167e-08 4.49606e-09 1.51717e-09 6.75101e-10 5.16809e-10 4.44463e-10 4.67728e-10 4.96892e-10 5.26625e-10 4.6436e-10 4.18815e-10 3.61797e-10 3.54904e-10 3.73104e-10 4.6238e-10 5.48211e-10 6.68077e-10 3.3034e-09 5.02116e-05 2.08915e-05 1.76191e-05 1.89118e-05 1.23577e-05 8.14e-06 4.34924e-06 3.87277e-06 4.18066e-06 6.03954e-06 4.89566e-06 1.52317e-06 3.87324e-07 1.51164e-07 6.68045e-08 4.1028e-08 3.14635e-08 2.43413e-08 1.65036e-08 9.12198e-09 3.79204e-09 1.27955e-09 5.69311e-10 4.35834e-10 3.75079e-10 3.94542e-10 4.19339e-10 4.44378e-10 3.91793e-10 3.52918e-10 3.04984e-10 2.99196e-10 3.14746e-10 3.8978e-10 4.62354e-10 5.63096e-10 2.78934e-09 5.38956e-05 2.24243e-05 1.89118e-05 2.02994e-05 1.32644e-05 8.73722e-06 4.66836e-06 4.15693e-06 4.48738e-06 6.48266e-06 5.25481e-06 1.63492e-06 4.15743e-07 1.62253e-07 7.17065e-08 4.40379e-08 3.37718e-08 2.61272e-08 1.77141e-08 9.79051e-09 4.07073e-09 1.37348e-09 6.10999e-10 4.67767e-10 4.03062e-10 4.23642e-10 4.50655e-10 4.7746e-10 4.20872e-10 3.78233e-10 3.27082e-10 3.20922e-10 3.38005e-10 4.18039e-10 4.96305e-10 6.03755e-10 3.00063e-09 3.52176e-05 1.4653e-05 1.23577e-05 1.32644e-05 8.6675e-06 5.70926e-06 3.05048e-06 2.71629e-06 2.93225e-06 4.23603e-06 3.43374e-06 1.06832e-06 2.71662e-07 1.06024e-07 4.68554e-08 2.87764e-08 2.2068e-08 1.70725e-08 1.15754e-08 6.39819e-09 2.65955e-09 8.97442e-10 3.99326e-10 3.05698e-10 2.62958e-10 2.76686e-10 2.93979e-10 3.11559e-10 2.74713e-10 2.47676e-10 2.1398e-10 2.09908e-10 2.20716e-10 2.7347e-10 3.2428e-10 3.9511e-10 1.95473e-09 2.31977e-05 9.65187e-06 8.14e-06 8.73722e-06 5.70926e-06 3.76068e-06 2.00934e-06 1.78921e-06 1.93147e-06 2.79026e-06 2.26179e-06 7.03703e-07 1.78943e-07 6.98376e-08 3.08635e-08 1.89549e-08 1.45361e-08 1.12456e-08 7.62468e-09 4.21448e-09 1.75184e-09 5.91143e-10 2.63036e-10 2.01363e-10 1.73206e-10 1.82251e-10 1.93639e-10 2.05219e-10 1.8095e-10 1.63148e-10 1.4095e-10 1.38268e-10 1.45384e-10 1.80137e-10 2.13602e-10 2.60263e-10 1.28752e-09 1.23946e-05 5.15703e-06 4.34924e-06 4.66836e-06 3.05048e-06 2.00934e-06 1.07361e-06 9.5599e-07 1.03199e-06 1.49085e-06 1.20848e-06 3.7599e-07 9.56107e-08 3.73142e-08 1.64907e-08 1.01276e-08 7.76666e-09 6.00861e-09 4.07379e-09 2.25155e-09 9.36178e-10 3.15867e-10 1.40512e-10 1.07574e-10 9.27057e-11 9.7431e-11 1.03653e-10 1.09816e-10 9.67984e-11 8.69701e-11 7.52138e-11 7.37985e-11 7.77369e-11 9.61302e-11 1.14139e-10 1.38833e-10 6.90233e-10 1.10368e-05 4.59206e-06 3.87277e-06 4.15693e-06 2.71629e-06 1.78921e-06 9.5599e-07 8.51259e-07 9.18927e-07 1.32752e-06 1.07608e-06 3.34799e-07 8.51363e-08 3.32262e-08 1.46841e-08 9.01808e-09 6.91579e-09 5.35035e-09 3.62747e-09 2.00485e-09 8.33641e-10 2.81266e-10 1.25114e-10 9.57863e-11 8.2574e-11 8.67652e-11 9.23264e-11 9.78102e-11 8.62114e-11 7.74117e-11 6.69592e-11 6.57016e-11 6.92294e-11 8.55808e-11 1.01636e-10 1.23588e-10 6.14966e-10 1.19142e-05 4.95716e-06 4.18066e-06 4.48738e-06 2.93225e-06 1.93147e-06 1.03199e-06 9.18927e-07 9.91996e-07 1.43306e-06 1.16165e-06 3.61419e-07 9.19039e-08 3.58685e-08 1.58512e-08 9.73522e-09 7.46572e-09 5.7757e-09 3.91607e-09 2.1647e-09 8.99629e-10 3.03597e-10 1.35112e-10 1.03429e-10 8.88544e-11 9.35691e-11 9.93297e-11 1.05293e-10 9.28608e-11 8.39207e-11 7.24535e-11 7.1064e-11 7.46313e-11 9.25931e-11 1.09699e-10 1.33816e-10 6.59787e-10 1.72117e-05 7.16128e-06 6.03954e-06 6.48266e-06 4.23603e-06 2.79026e-06 1.49085e-06 1.32752e-06 1.43306e-06 2.07026e-06 1.67815e-06 5.22117e-07 1.32769e-07 5.18164e-08 2.28995e-08 1.40637e-08 1.07852e-08 8.3438e-09 5.65713e-09 3.12681e-09 1.29988e-09 4.38613e-10 1.95145e-10 1.49394e-10 1.28605e-10 1.35254e-10 1.43782e-10 1.5236e-10 1.34325e-10 1.20933e-10 1.04523e-10 1.02543e-10 1.07902e-10 1.33586e-10 1.5849e-10 1.92973e-10 9.56621e-10 1.39519e-05 5.80496e-06 4.89566e-06 5.25481e-06 3.43374e-06 2.26179e-06 1.20848e-06 1.07608e-06 1.16165e-06 1.67815e-06 1.36033e-06 4.23231e-07 1.07621e-07 4.20031e-08 1.8562e-08 1.14002e-08 8.74257e-09 6.76346e-09 4.58588e-09 2.53506e-09 1.0534e-09 3.5551e-10 1.58235e-10 1.21126e-10 1.03963e-10 1.09542e-10 1.16213e-10 1.2321e-10 1.08679e-10 9.83825e-11 8.48975e-11 8.32604e-11 8.73634e-11 1.08493e-10 1.28454e-10 1.56825e-10 7.71369e-10 4.34079e-06 1.80607e-06 1.52317e-06 1.63492e-06 1.06832e-06 7.03703e-07 3.7599e-07 3.34799e-07 3.61419e-07 5.22117e-07 4.23231e-07 1.31678e-07 3.3484e-08 1.30682e-08 5.77519e-09 3.54689e-09 2.72003e-09 2.1043e-09 1.42676e-09 7.88656e-10 3.27782e-10 1.10613e-10 4.92237e-11 3.76814e-11 3.23872e-11 3.40953e-11 3.62064e-11 3.83769e-11 3.38429e-11 3.05575e-11 2.63888e-11 2.58842e-11 2.7196e-11 3.37245e-11 3.99681e-11 4.87337e-11 2.40589e-10 1.10381e-06 4.59262e-07 3.87324e-07 4.15743e-07 2.71662e-07 1.78943e-07 9.56107e-08 8.51363e-08 9.19039e-08 1.32769e-07 1.07621e-07 3.3484e-08 8.51467e-09 3.32303e-09 1.46859e-09 9.01918e-10 6.91664e-10 5.35101e-10 3.62792e-10 2.0051e-10 8.33742e-11 2.813e-11 1.2513e-11 9.57982e-12 8.25821e-12 8.67752e-12 9.23353e-12 9.78201e-12 8.62205e-12 7.74236e-12 6.69685e-12 6.57106e-12 6.92371e-12 8.55928e-12 1.01648e-11 1.23606e-11 6.15013e-11 4.30793e-07 1.7924e-07 1.51164e-07 1.62253e-07 1.06024e-07 6.98376e-08 3.73142e-08 3.32262e-08 3.58685e-08 5.18164e-08 4.20031e-08 1.30682e-08 3.32303e-09 1.29693e-09 5.7314e-10 3.52006e-10 2.69945e-10 2.08836e-10 1.41599e-10 7.82763e-11 3.25251e-11 1.0977e-11 4.88597e-12 3.74008e-12 3.20933e-12 3.38211e-12 3.58746e-12 3.80362e-12 3.35516e-12 3.03868e-12 2.62183e-12 2.5712e-12 2.69727e-12 3.35048e-12 3.96626e-12 4.84335e-12 2.38071e-11 1.90382e-07 7.92119e-08 6.68045e-08 7.17065e-08 4.68554e-08 3.08635e-08 1.64907e-08 1.46841e-08 1.58512e-08 2.28995e-08 1.8562e-08 5.77519e-09 1.46859e-09 5.7314e-10 2.53301e-10 1.55558e-10 1.19295e-10 9.22928e-11 6.25714e-11 3.45793e-11 1.43826e-11 4.85203e-12 2.15777e-12 1.65206e-12 1.42682e-12 1.49749e-12 1.59549e-12 1.68971e-12 1.48888e-12 1.3323e-12 1.15357e-12 1.13215e-12 1.19507e-12 1.47447e-12 1.75335e-12 2.12844e-12 1.06429e-11 1.16923e-07 4.86484e-08 4.1028e-08 4.40379e-08 2.87764e-08 1.89549e-08 1.01276e-08 9.01808e-09 9.73522e-09 1.40637e-08 1.14002e-08 3.54689e-09 9.01918e-10 3.52006e-10 1.55558e-10 9.55395e-11 7.3267e-11 5.66811e-11 3.8432e-11 2.12453e-11 8.82779e-12 2.97932e-12 1.32612e-12 1.01511e-12 8.71077e-13 9.17959e-13 9.7371e-13 1.03238e-12 9.10653e-13 8.24718e-13 7.1159e-13 6.97851e-13 7.32083e-13 9.09356e-13 1.0765e-12 1.31453e-12 6.46186e-12 8.96661e-08 3.73074e-08 3.14635e-08 3.37718e-08 2.2068e-08 1.45361e-08 7.76666e-09 6.91579e-09 7.46572e-09 1.07852e-08 8.74257e-09 2.72003e-09 6.91664e-10 2.69945e-10 1.19295e-10 7.3267e-11 5.61868e-11 4.34676e-11 2.94724e-11 1.62919e-11 6.77029e-12 2.28483e-12 1.0169e-12 7.78424e-13 6.68444e-13 7.04107e-13 7.47231e-13 7.92154e-13 6.98672e-13 6.31919e-13 5.45443e-13 5.34955e-13 5.61574e-13 6.97048e-13 8.25571e-13 1.00747e-12 4.96167e-12 6.93688e-08 2.88622e-08 2.43413e-08 2.61272e-08 1.70725e-08 1.12456e-08 6.00861e-09 5.35035e-09 5.7757e-09 8.3438e-09 6.76346e-09 2.1043e-09 5.35101e-10 2.08836e-10 9.22928e-11 5.66811e-11 4.34676e-11 3.36282e-11 2.27998e-11 1.26017e-11 5.2392e-12 1.76778e-12 7.86451e-13 6.02081e-13 5.18569e-13 5.45199e-13 5.79787e-13 6.14319e-13 5.41552e-13 4.87084e-13 4.21112e-13 4.1316e-13 4.3497e-13 5.3821e-13 6.3878e-13 7.77388e-13 3.85909e-12 4.70327e-08 1.9569e-08 1.65036e-08 1.77141e-08 1.15754e-08 7.62468e-09 4.07379e-09 3.62747e-09 3.91607e-09 5.65713e-09 4.58588e-09 1.42676e-09 3.62792e-10 1.41599e-10 6.25714e-11 3.8432e-11 2.94724e-11 2.27998e-11 1.54606e-11 8.54872e-12 3.54924e-12 1.19825e-12 5.3374e-13 4.08492e-13 3.48672e-13 3.6868e-13 3.8964e-13 4.13503e-13 3.65074e-13 3.33887e-13 2.87271e-13 2.81551e-13 2.93864e-13 3.67048e-13 4.32918e-13 5.31198e-13 2.57468e-12 2.59966e-08 1.08167e-08 9.12198e-09 9.79051e-09 6.39819e-09 4.21448e-09 2.25155e-09 2.00485e-09 2.1647e-09 3.12681e-09 2.53506e-09 7.88656e-10 2.0051e-10 7.82763e-11 3.45793e-11 2.12453e-11 1.62919e-11 1.26017e-11 8.54872e-12 4.73235e-12 1.9572e-12 6.61834e-13 2.95814e-13 2.26211e-13 1.88238e-13 2.02294e-13 2.10055e-13 2.23936e-13 1.98561e-13 1.90136e-13 1.61475e-13 1.57809e-13 1.60819e-13 2.0616e-13 2.39012e-13 2.99939e-13 1.35894e-12 1.08064e-08 4.49606e-09 3.79204e-09 4.07073e-09 2.65955e-09 1.75184e-09 9.36178e-10 8.33641e-10 8.99629e-10 1.29988e-09 1.0534e-09 3.27782e-10 8.33742e-11 3.25251e-11 1.43826e-11 8.82779e-12 6.77029e-12 5.2392e-12 3.54924e-12 1.9572e-12 8.19964e-13 2.75788e-13 1.21858e-13 9.34445e-14 8.44843e-14 8.61601e-14 9.4703e-14 9.9513e-14 8.70274e-14 7.12719e-14 6.33823e-14 6.25594e-14 6.90891e-14 8.11382e-14 9.97395e-14 1.15884e-13 6.5412e-13 3.64649e-09 1.51717e-09 1.27955e-09 1.37348e-09 8.97442e-10 5.91143e-10 3.15867e-10 2.81266e-10 3.03597e-10 4.38613e-10 3.5551e-10 1.10613e-10 2.813e-11 1.0977e-11 4.85203e-12 2.97932e-12 2.28483e-12 1.76778e-12 1.19825e-12 6.61834e-13 2.75788e-13 9.29662e-14 4.12753e-14 3.16144e-14 2.76305e-14 2.87824e-14 3.09169e-14 3.2675e-14 2.87346e-14 2.51425e-14 2.19139e-14 2.15376e-14 2.29981e-14 2.80207e-14 3.36015e-14 4.03414e-14 2.08168e-13 1.62249e-09 6.75101e-10 5.69311e-10 6.10999e-10 3.99326e-10 2.63036e-10 1.40512e-10 1.25114e-10 1.35112e-10 1.95145e-10 1.58235e-10 4.92237e-11 1.2513e-11 4.88597e-12 2.15777e-12 1.32612e-12 1.0169e-12 7.86451e-13 5.3374e-13 2.95814e-13 1.21858e-13 4.12753e-14 1.85132e-14 1.41453e-14 1.14611e-14 1.25303e-14 1.27698e-14 1.36803e-14 1.21859e-14 1.22243e-14 1.02502e-14 9.9891e-15 9.93389e-15 1.30767e-14 1.48994e-14 1.91247e-14 8.07055e-14 1.24208e-09 5.16809e-10 4.35834e-10 4.67767e-10 3.05698e-10 2.01363e-10 1.07574e-10 9.57863e-11 1.03429e-10 1.49394e-10 1.21126e-10 3.76814e-11 9.57982e-12 3.74008e-12 1.65206e-12 1.01511e-12 7.78424e-13 6.02081e-13 4.08492e-13 2.26211e-13 9.34445e-14 3.16144e-14 1.41453e-14 1.08143e-14 8.92759e-15 9.64339e-15 9.95778e-15 1.06312e-14 9.43935e-15 9.16683e-15 7.75475e-15 7.57216e-15 7.65995e-15 9.89842e-15 1.14156e-14 1.4424e-14 6.39817e-14 1.06865e-09 4.44463e-10 3.75079e-10 4.03062e-10 2.62958e-10 1.73206e-10 9.27057e-11 8.2574e-11 8.88544e-11 1.28605e-10 1.03963e-10 3.23872e-11 8.25821e-12 3.20933e-12 1.42682e-12 8.71077e-13 6.68444e-13 5.18569e-13 3.48672e-13 1.88238e-13 8.44843e-14 2.76305e-14 1.14611e-14 8.92759e-15 1.16742e-14 9.6218e-15 1.32967e-14 1.32613e-14 1.09952e-14 2.91492e-15 4.27682e-15 4.56856e-15 8.02398e-15 5.59675e-15 1.00685e-14 6.77775e-15 1.1218e-13 1.12429e-09 4.67728e-10 3.94542e-10 4.23642e-10 2.76686e-10 1.82251e-10 9.7431e-11 8.67652e-11 9.35691e-11 1.35254e-10 1.09542e-10 3.40953e-11 8.67752e-12 3.38211e-12 1.49749e-12 9.17959e-13 7.04107e-13 5.45199e-13 3.6868e-13 2.02294e-13 8.61601e-14 2.87824e-14 1.25303e-14 9.64339e-15 9.6218e-15 9.24013e-15 1.08384e-14 1.12107e-14 9.65315e-15 6.37897e-15 6.09512e-15 6.10305e-15 7.48672e-15 7.83315e-15 1.04283e-14 1.08828e-14 7.99599e-14 1.19474e-09 4.96892e-10 4.19339e-10 4.50655e-10 2.93979e-10 1.93639e-10 1.03653e-10 9.23264e-11 9.93297e-11 1.43782e-10 1.16213e-10 3.62064e-11 9.23353e-12 3.58746e-12 1.59549e-12 9.7371e-13 7.47231e-13 5.79787e-13 3.8964e-13 2.10055e-13 9.4703e-14 3.09169e-14 1.27698e-14 9.95778e-15 1.32967e-14 1.08384e-14 1.51558e-14 1.50785e-14 1.24689e-14 2.95364e-15 4.6344e-15 4.98811e-15 9.05868e-15 6.07787e-15 1.12716e-14 7.2317e-15 1.28923e-13 1.26614e-09 5.26625e-10 4.44378e-10 4.7746e-10 3.11559e-10 2.05219e-10 1.09816e-10 9.78102e-11 1.05293e-10 1.5236e-10 1.2321e-10 3.83769e-11 9.78201e-12 3.80362e-12 1.68971e-12 1.03238e-12 7.92154e-13 6.14319e-13 4.13503e-13 2.23936e-13 9.9513e-14 3.2675e-14 1.36803e-14 1.06312e-14 1.32613e-14 1.12107e-14 1.50785e-14 1.51244e-14 1.26167e-14 4.16357e-15 5.40918e-15 5.69074e-15 9.30207e-15 7.04792e-15 1.18939e-14 8.83453e-15 1.24752e-13 1.11636e-09 4.6436e-10 3.91793e-10 4.20872e-10 2.74713e-10 1.8095e-10 9.67984e-11 8.62114e-11 9.28608e-11 1.34325e-10 1.08679e-10 3.38429e-11 8.62205e-12 3.35516e-12 1.48888e-12 9.10653e-13 6.98672e-13 5.41552e-13 3.65074e-13 1.98561e-13 8.70274e-14 2.87346e-14 1.21859e-14 9.43935e-15 1.09952e-14 9.65315e-15 1.24689e-14 1.26167e-14 1.06224e-14 4.53931e-15 5.18758e-15 5.35745e-15 7.95133e-15 6.72404e-15 1.04438e-14 8.77303e-15 1.00018e-13 1.00609e-09 4.18815e-10 3.52918e-10 3.78233e-10 2.47676e-10 1.63148e-10 8.69701e-11 7.74117e-11 8.39207e-11 1.20933e-10 9.83825e-11 3.05575e-11 7.74236e-12 3.03868e-12 1.3323e-12 8.24718e-13 6.31919e-13 4.87084e-13 3.33887e-13 1.90136e-13 7.12719e-14 2.51425e-14 1.22243e-14 9.16683e-15 2.91492e-15 6.37897e-15 2.95364e-15 4.16357e-15 4.53931e-15 1.27997e-14 8.87042e-15 8.23736e-15 4.65492e-15 1.11737e-14 8.97974e-15 1.77717e-14 -9.93271e-15 8.69313e-10 3.61797e-10 3.04984e-10 3.27082e-10 2.1398e-10 1.4095e-10 7.52138e-11 6.69592e-11 7.24535e-11 1.04523e-10 8.48975e-11 2.63888e-11 6.69685e-12 2.62183e-12 1.15357e-12 7.1159e-13 5.45443e-13 4.21112e-13 2.87271e-13 1.61475e-13 6.33823e-14 2.19139e-14 1.02502e-14 7.75475e-15 4.27682e-15 6.09512e-15 4.6344e-15 5.40918e-15 5.18758e-15 8.87042e-15 6.60993e-15 6.26055e-15 4.6533e-15 8.36916e-15 7.86767e-15 1.28758e-14 1.65729e-14 8.5279e-10 3.54904e-10 2.99196e-10 3.20922e-10 2.09908e-10 1.38268e-10 7.37985e-11 6.57016e-11 7.1064e-11 1.02543e-10 8.32604e-11 2.58842e-11 6.57106e-12 2.5712e-12 1.13215e-12 6.97851e-13 5.34955e-13 4.1316e-13 2.81551e-13 1.57809e-13 6.25594e-14 2.15376e-14 9.9891e-15 7.57216e-15 4.56856e-15 6.10305e-15 4.98811e-15 5.69074e-15 5.35745e-15 8.23736e-15 6.26055e-15 5.95974e-15 4.69878e-15 7.93736e-15 7.7412e-15 1.21049e-14 2.1595e-14 8.96883e-10 3.73104e-10 3.14746e-10 3.38005e-10 2.20716e-10 1.45384e-10 7.77369e-11 6.92294e-11 7.46313e-11 1.07902e-10 8.73634e-11 2.7196e-11 6.92371e-12 2.69727e-12 1.19507e-12 7.32083e-13 5.61574e-13 4.3497e-13 2.93864e-13 1.60819e-13 6.90891e-14 2.29981e-14 9.93389e-15 7.65995e-15 8.02398e-15 7.48672e-15 9.05868e-15 9.30207e-15 7.95133e-15 4.65492e-15 4.6533e-15 4.69878e-15 6.09745e-15 5.99402e-15 8.34047e-15 8.19016e-15 6.87708e-14 1.111e-09 4.6238e-10 3.8978e-10 4.18039e-10 2.7347e-10 1.80137e-10 9.61302e-11 8.55808e-11 9.25931e-11 1.33586e-10 1.08493e-10 3.37245e-11 8.55928e-12 3.35048e-12 1.47447e-12 9.09356e-13 6.97048e-13 5.3821e-13 3.67048e-13 2.0616e-13 8.11382e-14 2.80207e-14 1.30767e-14 9.89842e-15 5.59675e-15 7.83315e-15 6.07787e-15 7.04792e-15 6.72404e-15 1.11737e-14 8.36916e-15 7.93736e-15 5.99402e-15 1.06003e-14 1.00632e-14 1.6271e-14 2.3053e-14 1.31762e-09 5.48211e-10 4.62354e-10 4.96305e-10 3.2428e-10 2.13602e-10 1.14139e-10 1.01636e-10 1.09699e-10 1.5849e-10 1.28454e-10 3.99681e-11 1.01648e-11 3.96626e-12 1.75335e-12 1.0765e-12 8.25571e-13 6.3878e-13 4.32918e-13 2.39012e-13 9.97395e-14 3.36015e-14 1.48994e-14 1.14156e-14 1.00685e-14 1.04283e-14 1.12716e-14 1.18939e-14 1.04438e-14 8.97974e-15 7.86767e-15 7.7412e-15 8.34047e-15 1.00632e-14 1.21468e-14 1.44577e-14 7.64284e-14 1.60511e-09 6.68077e-10 5.63096e-10 6.03755e-10 3.9511e-10 2.60263e-10 1.38833e-10 1.23588e-10 1.33816e-10 1.92973e-10 1.56825e-10 4.87337e-11 1.23606e-11 4.84335e-12 2.12844e-12 1.31453e-12 1.00747e-12 7.77388e-13 5.31198e-13 2.99939e-13 1.15884e-13 4.03414e-14 1.91247e-14 1.4424e-14 6.77775e-15 1.08828e-14 7.2317e-15 8.83453e-15 8.77303e-15 1.77717e-14 1.28758e-14 1.21049e-14 8.19016e-15 1.6271e-14 1.44577e-14 2.53523e-14 1.45902e-14 7.94543e-09 3.3034e-09 2.78934e-09 3.00063e-09 1.95473e-09 1.28752e-09 6.90233e-10 6.14966e-10 6.59787e-10 9.56621e-10 7.71369e-10 2.40589e-10 6.15013e-11 2.38071e-11 1.06429e-11 6.46186e-12 4.96167e-12 3.85909e-12 2.57468e-12 1.35894e-12 6.5412e-13 2.08168e-13 8.07055e-14 6.39817e-14 1.1218e-13 7.99599e-14 1.28923e-13 1.24752e-13 1.00018e-13 -9.93271e-15 1.65729e-14 2.1595e-14 6.87708e-14 2.3053e-14 7.64284e-14 1.45902e-14 1.19723e-12 
