2.23206e-05 1.20434e-05 9.99587e-06 9.5081e-06 1.0048e-05 1.09815e-05 1.22183e-05 1.3551e-05 1.48671e-05 1.61444e-05 1.7371e-05 1.85364e-05 1.96308e-05 2.06451e-05 2.15715e-05 2.24027e-05 2.31324e-05 2.37552e-05 2.42666e-05 2.46629e-05 2.49413e-05 2.51e-05 2.51378e-05 2.50547e-05 2.48513e-05 2.45292e-05 2.40909e-05 2.35398e-05 2.288e-05 2.21166e-05 2.12557e-05 2.03041e-05 1.92694e-05 1.81603e-05 1.69863e-05 1.57577e-05 9.36327e-05 1.20434e-05 6.49816e-06 5.39341e-06 5.13023e-06 5.42155e-06 5.92521e-06 6.59254e-06 7.31162e-06 8.02176e-06 8.71091e-06 9.37277e-06 1.00016e-05 1.0592e-05 1.11394e-05 1.16392e-05 1.20877e-05 1.24814e-05 1.28174e-05 1.30934e-05 1.33072e-05 1.34574e-05 1.3543e-05 1.35634e-05 1.35186e-05 1.34088e-05 1.3235e-05 1.29986e-05 1.27012e-05 1.23452e-05 1.19333e-05 1.14688e-05 1.09553e-05 1.03971e-05 9.79866e-06 9.1652e-06 8.50227e-06 5.05208e-05 9.99587e-06 5.39341e-06 4.47648e-06 4.25804e-06 4.49983e-06 4.91787e-06 5.47174e-06 6.06857e-06 6.65798e-06 7.22997e-06 7.77931e-06 8.30121e-06 8.79129e-06 9.24556e-06 9.66041e-06 1.00326e-05 1.03594e-05 1.06383e-05 1.08674e-05 1.10448e-05 1.11695e-05 1.12406e-05 1.12575e-05 1.12203e-05 1.11292e-05 1.0985e-05 1.07887e-05 1.05419e-05 1.02464e-05 9.90455e-06 9.51901e-06 9.09283e-06 8.62948e-06 8.13279e-06 7.60702e-06 7.0568e-06 4.19318e-05 9.5081e-06 5.13023e-06 4.25804e-06 4.05026e-06 4.28025e-06 4.67789e-06 5.20474e-06 5.77244e-06 6.33309e-06 6.87717e-06 7.3997e-06 7.89613e-06 8.3623e-06 8.7944e-06 9.18901e-06 9.54307e-06 9.85391e-06 1.01192e-05 1.03371e-05 1.05059e-05 1.06245e-05 1.06921e-05 1.07082e-05 1.06728e-05 1.05861e-05 1.04489e-05 1.02622e-05 1.00275e-05 9.7464e-06 9.42124e-06 9.05451e-06 8.64913e-06 8.20838e-06 7.73593e-06 7.23582e-06 6.71244e-06 3.98856e-05 1.0048e-05 5.42155e-06 4.49983e-06 4.28025e-06 4.52331e-06 4.94353e-06 5.5003e-06 6.10024e-06 6.69272e-06 7.2677e-06 7.8199e-06 8.34452e-06 8.83716e-06 9.2938e-06 9.71081e-06 1.0085e-05 1.04135e-05 1.06938e-05 1.09241e-05 1.11025e-05 1.12278e-05 1.12992e-05 1.13163e-05 1.12788e-05 1.11873e-05 1.10423e-05 1.0845e-05 1.05969e-05 1.02999e-05 9.95623e-06 9.56868e-06 9.14027e-06 8.6745e-06 8.17523e-06 7.64671e-06 7.09362e-06 4.21506e-05 1.09815e-05 5.92521e-06 4.91787e-06 4.67789e-06 4.94353e-06 5.40278e-06 6.01127e-06 6.66695e-06 7.31447e-06 7.94286e-06 8.54637e-06 9.11973e-06 9.65813e-06 1.01572e-05 1.06129e-05 1.10219e-05 1.13809e-05 1.16873e-05 1.19389e-05 1.21339e-05 1.22709e-05 1.23489e-05 1.23675e-05 1.23266e-05 1.22266e-05 1.20681e-05 1.18525e-05 1.15813e-05 1.12567e-05 1.08812e-05 1.04576e-05 9.98941e-06 9.48036e-06 8.93471e-06 8.35709e-06 7.75261e-06 4.60664e-05 1.22183e-05 6.59254e-06 5.47174e-06 5.20474e-06 5.5003e-06 6.01127e-06 6.68829e-06 7.41782e-06 8.13827e-06 8.83743e-06 9.5089e-06 1.01468e-05 1.07459e-05 1.13011e-05 1.18082e-05 1.22632e-05 1.26627e-05 1.30036e-05 1.32835e-05 1.35005e-05 1.36529e-05 1.37397e-05 1.37604e-05 1.37149e-05 1.36036e-05 1.34273e-05 1.31874e-05 1.28857e-05 1.25245e-05 1.21067e-05 1.16354e-05 1.11145e-05 1.05481e-05 9.94098e-06 9.29831e-06 8.62575e-06 5.12546e-05 1.3551e-05 7.31162e-06 6.06857e-06 5.77244e-06 6.10024e-06 6.66695e-06 7.41782e-06 8.22691e-06 9.02595e-06 9.80137e-06 1.05461e-05 1.12536e-05 1.1918e-05 1.25338e-05 1.30962e-05 1.36008e-05 1.40438e-05 1.4422e-05 1.47324e-05 1.4973e-05 1.51421e-05 1.52384e-05 1.52614e-05 1.52109e-05 1.50874e-05 1.48919e-05 1.46258e-05 1.42912e-05 1.38906e-05 1.34272e-05 1.29045e-05 1.23268e-05 1.16986e-05 1.10253e-05 1.03125e-05 9.56661e-06 5.68452e-05 1.48671e-05 8.02176e-06 6.65798e-06 6.33309e-06 6.69272e-06 7.31447e-06 8.13827e-06 9.02595e-06 9.90258e-06 1.07533e-05 1.15704e-05 1.23466e-05 1.30755e-05 1.37512e-05 1.43682e-05 1.49218e-05 1.54078e-05 1.58227e-05 1.61633e-05 1.64273e-05 1.66127e-05 1.67184e-05 1.67436e-05 1.66882e-05 1.65527e-05 1.63382e-05 1.60463e-05 1.56792e-05 1.52397e-05 1.47313e-05 1.41579e-05 1.3524e-05 1.28348e-05 1.20961e-05 1.13141e-05 1.04958e-05 6.23662e-05 1.61444e-05 8.71091e-06 7.22997e-06 6.87717e-06 7.2677e-06 7.94286e-06 8.83743e-06 9.80137e-06 1.07533e-05 1.16771e-05 1.25644e-05 1.34073e-05 1.41988e-05 1.49325e-05 1.56026e-05 1.62037e-05 1.67315e-05 1.7182e-05 1.75519e-05 1.78385e-05 1.80399e-05 1.81547e-05 1.81821e-05 1.81219e-05 1.79748e-05 1.77418e-05 1.74248e-05 1.70262e-05 1.6549e-05 1.59969e-05 1.53742e-05 1.46859e-05 1.39375e-05 1.31353e-05 1.22861e-05 1.13975e-05 6.77241e-05 1.7371e-05 9.37277e-06 7.77931e-06 7.3997e-06 7.8199e-06 8.54637e-06 9.5089e-06 1.05461e-05 1.15704e-05 1.25644e-05 1.3519e-05 1.4426e-05 1.52777e-05 1.60671e-05 1.6788e-05 1.74349e-05 1.80028e-05 1.84875e-05 1.88855e-05 1.91939e-05 1.94106e-05 1.95341e-05 1.95635e-05 1.94988e-05 1.93405e-05 1.90899e-05 1.87488e-05 1.83199e-05 1.78064e-05 1.72123e-05 1.65423e-05 1.58017e-05 1.49965e-05 1.41333e-05 1.32196e-05 1.22634e-05 7.28698e-05 1.85364e-05 1.00016e-05 8.30121e-06 7.89613e-06 8.34452e-06 9.11973e-06 1.01468e-05 1.12536e-05 1.23466e-05 1.34073e-05 1.4426e-05 1.53938e-05 1.63026e-05 1.7145e-05 1.79143e-05 1.86046e-05 1.92106e-05 1.97278e-05 2.01525e-05 2.04816e-05 2.07128e-05 2.08446e-05 2.0876e-05 2.0807e-05 2.06381e-05 2.03706e-05 2.00066e-05 1.95489e-05 1.9001e-05 1.83671e-05 1.76521e-05 1.68618e-05 1.60026e-05 1.50815e-05 1.41065e-05 1.30862e-05 7.77586e-05 1.96308e-05 1.0592e-05 8.79129e-06 8.3623e-06 8.83716e-06 9.65813e-06 1.07459e-05 1.1918e-05 1.30755e-05 1.41988e-05 1.52777e-05 1.63026e-05 1.72651e-05 1.81572e-05 1.89719e-05 1.97029e-05 2.03447e-05 2.08925e-05 2.13422e-05 2.16908e-05 2.19357e-05 2.20752e-05 2.21085e-05 2.20354e-05 2.18565e-05 2.15732e-05 2.11877e-05 2.0703e-05 2.01227e-05 1.94514e-05 1.86942e-05 1.78573e-05 1.69473e-05 1.59719e-05 1.49393e-05 1.38587e-05 8.23492e-05 2.06451e-05 1.11394e-05 9.24556e-06 8.7944e-06 9.2938e-06 1.01572e-05 1.13011e-05 1.25338e-05 1.37512e-05 1.49325e-05 1.60671e-05 1.7145e-05 1.81572e-05 1.90954e-05 1.99523e-05 2.0721e-05 2.1396e-05 2.1972e-05 2.2445e-05 2.28116e-05 2.30691e-05 2.32159e-05 2.32509e-05 2.3174e-05 2.29858e-05 2.26879e-05 2.22826e-05 2.17728e-05 2.11625e-05 2.04565e-05 1.96602e-05 1.878e-05 1.7823e-05 1.67972e-05 1.57113e-05 1.45749e-05 8.66044e-05 2.15715e-05 1.16392e-05 9.66041e-06 9.18901e-06 9.71081e-06 1.06129e-05 1.18082e-05 1.30962e-05 1.43682e-05 1.56026e-05 1.6788e-05 1.79143e-05 1.89719e-05 1.99523e-05 2.08475e-05 2.16508e-05 2.2356e-05 2.29579e-05 2.34522e-05 2.38352e-05 2.41043e-05 2.42576e-05 2.42942e-05 2.42138e-05 2.40172e-05 2.3706e-05 2.32824e-05 2.27497e-05 2.21121e-05 2.13744e-05 2.05424e-05 1.96227e-05 1.86227e-05 1.75509e-05 1.64162e-05 1.52288e-05 9.04904e-05 2.24027e-05 1.20877e-05 1.00326e-05 9.54307e-06 1.0085e-05 1.10219e-05 1.22632e-05 1.36008e-05 1.49218e-05 1.62037e-05 1.74349e-05 1.86046e-05 1.97029e-05 2.0721e-05 2.16508e-05 2.2485e-05 2.32174e-05 2.38425e-05 2.43558e-05 2.47536e-05 2.5033e-05 2.51923e-05 2.52302e-05 2.51468e-05 2.49426e-05 2.46194e-05 2.41795e-05 2.36263e-05 2.29641e-05 2.2198e-05 2.13339e-05 2.03788e-05 1.93403e-05 1.82271e-05 1.70488e-05 1.58156e-05 9.39771e-05 2.31324e-05 1.24814e-05 1.03594e-05 9.85391e-06 1.04135e-05 1.13809e-05 1.26627e-05 1.40438e-05 1.54078e-05 1.67315e-05 1.80028e-05 1.92106e-05 2.03447e-05 2.1396e-05 2.2356e-05 2.32174e-05 2.39737e-05 2.46191e-05 2.51491e-05 2.55599e-05 2.58484e-05 2.60128e-05 2.6052e-05 2.59659e-05 2.57551e-05 2.54213e-05 2.49671e-05 2.43959e-05 2.37121e-05 2.2921e-05 2.20288e-05 2.10425e-05 1.99702e-05 1.88208e-05 1.76041e-05 1.63308e-05 9.70381e-05 2.37552e-05 1.28174e-05 1.06383e-05 1.01192e-05 1.06938e-05 1.16873e-05 1.30036e-05 1.4422e-05 1.58227e-05 1.7182e-05 1.84875e-05 1.97278e-05 2.08925e-05 2.1972e-05 2.29579e-05 2.38425e-05 2.46191e-05 2.5282e-05 2.58262e-05 2.6248e-05 2.65444e-05 2.67132e-05 2.67535e-05 2.6665e-05 2.64485e-05 2.61057e-05 2.56393e-05 2.50527e-05 2.43505e-05 2.35381e-05 2.26219e-05 2.16091e-05 2.05079e-05 1.93276e-05 1.80781e-05 1.67705e-05 9.96508e-05 2.42666e-05 1.30934e-05 1.08674e-05 1.03371e-05 1.09241e-05 1.19389e-05 1.32835e-05 1.47324e-05 1.61633e-05 1.75519e-05 1.88855e-05 2.01525e-05 2.13422e-05 2.2445e-05 2.34522e-05 2.43558e-05 2.51491e-05 2.58262e-05 2.63822e-05 2.68131e-05 2.71158e-05 2.72883e-05 2.73294e-05 2.7239e-05 2.70179e-05 2.66677e-05 2.61912e-05 2.5592e-05 2.48747e-05 2.40449e-05 2.31089e-05 2.20743e-05 2.09494e-05 1.97436e-05 1.84673e-05 1.71315e-05 0.000101796 2.46629e-05 1.33072e-05 1.10448e-05 1.05059e-05 1.11025e-05 1.21339e-05 1.35005e-05 1.4973e-05 1.64273e-05 1.78385e-05 1.91939e-05 2.04816e-05 2.16908e-05 2.28116e-05 2.38352e-05 2.47536e-05 2.55599e-05 2.6248e-05 2.68131e-05 2.7251e-05 2.75586e-05 2.77339e-05 2.77757e-05 2.76839e-05 2.74591e-05 2.71033e-05 2.6619e-05 2.601e-05 2.5281e-05 2.44376e-05 2.34863e-05 2.24348e-05 2.12916e-05 2.00661e-05 1.87688e-05 1.74113e-05 0.000103459 2.49413e-05 1.34574e-05 1.11695e-05 1.06245e-05 1.12278e-05 1.22709e-05 1.36529e-05 1.51421e-05 1.66127e-05 1.80399e-05 1.94106e-05 2.07128e-05 2.19357e-05 2.30691e-05 2.41043e-05 2.5033e-05 2.58484e-05 2.65444e-05 2.71158e-05 2.75586e-05 2.78698e-05 2.80471e-05 2.80893e-05 2.79964e-05 2.77691e-05 2.74092e-05 2.69195e-05 2.63036e-05 2.55664e-05 2.47134e-05 2.37515e-05 2.26881e-05 2.15319e-05 2.02926e-05 1.89807e-05 1.76078e-05 0.000104627 2.51e-05 1.3543e-05 1.12406e-05 1.06921e-05 1.12992e-05 1.23489e-05 1.37397e-05 1.52384e-05 1.67184e-05 1.81547e-05 1.95341e-05 2.08446e-05 2.20752e-05 2.32159e-05 2.42576e-05 2.51923e-05 2.60128e-05 2.67132e-05 2.72883e-05 2.77339e-05 2.80471e-05 2.82255e-05 2.8268e-05 2.81745e-05 2.79458e-05 2.75836e-05 2.70907e-05 2.6471e-05 2.5729e-05 2.48706e-05 2.39025e-05 2.28324e-05 2.16689e-05 2.04217e-05 1.91015e-05 1.77198e-05 0.000105292 2.51378e-05 1.35634e-05 1.12575e-05 1.07082e-05 1.13163e-05 1.23675e-05 1.37604e-05 1.52614e-05 1.67436e-05 1.81821e-05 1.95635e-05 2.0876e-05 2.21085e-05 2.32509e-05 2.42942e-05 2.52302e-05 2.6052e-05 2.67535e-05 2.73294e-05 2.77757e-05 2.80893e-05 2.8268e-05 2.83106e-05 2.8217e-05 2.79879e-05 2.76252e-05 2.71316e-05 2.65109e-05 2.57678e-05 2.49081e-05 2.39386e-05 2.28668e-05 2.17016e-05 2.04525e-05 1.91303e-05 1.77466e-05 0.000105451 2.50547e-05 1.35186e-05 1.12203e-05 1.06728e-05 1.12788e-05 1.23266e-05 1.37149e-05 1.52109e-05 1.66882e-05 1.81219e-05 1.94988e-05 2.0807e-05 2.20354e-05 2.3174e-05 2.42138e-05 2.51468e-05 2.59659e-05 2.6665e-05 2.7239e-05 2.76839e-05 2.79964e-05 2.81745e-05 2.8217e-05 2.81236e-05 2.78953e-05 2.75338e-05 2.70418e-05 2.64232e-05 2.56826e-05 2.48258e-05 2.38594e-05 2.27912e-05 2.16298e-05 2.03848e-05 1.9067e-05 1.76879e-05 0.000105102 2.48513e-05 1.34088e-05 1.11292e-05 1.05861e-05 1.11873e-05 1.22266e-05 1.36036e-05 1.50874e-05 1.65527e-05 1.79748e-05 1.93405e-05 2.06381e-05 2.18565e-05 2.29858e-05 2.40172e-05 2.49426e-05 2.57551e-05 2.64485e-05 2.70179e-05 2.74591e-05 2.77691e-05 2.79458e-05 2.79879e-05 2.78953e-05 2.76689e-05 2.73103e-05 2.68223e-05 2.62087e-05 2.54741e-05 2.46242e-05 2.36657e-05 2.26061e-05 2.14542e-05 2.02193e-05 1.89122e-05 1.75443e-05 0.000104249 2.45292e-05 1.3235e-05 1.0985e-05 1.04489e-05 1.10423e-05 1.20681e-05 1.34273e-05 1.48919e-05 1.63382e-05 1.77418e-05 1.90899e-05 2.03706e-05 2.15732e-05 2.26879e-05 2.3706e-05 2.46194e-05 2.54213e-05 2.61057e-05 2.66677e-05 2.71033e-05 2.74092e-05 2.75836e-05 2.76252e-05 2.75338e-05 2.73103e-05 2.69563e-05 2.64747e-05 2.5869e-05 2.51439e-05 2.43051e-05 2.3359e-05 2.23132e-05 2.11761e-05 1.99573e-05 1.86671e-05 1.73169e-05 0.000102898 2.40909e-05 1.29986e-05 1.07887e-05 1.02622e-05 1.0845e-05 1.18525e-05 1.31874e-05 1.46258e-05 1.60463e-05 1.74248e-05 1.87488e-05 2.00066e-05 2.11877e-05 2.22826e-05 2.32824e-05 2.41795e-05 2.49671e-05 2.56393e-05 2.61912e-05 2.6619e-05 2.69195e-05 2.70907e-05 2.71316e-05 2.70418e-05 2.68223e-05 2.64747e-05 2.60016e-05 2.54068e-05 2.46947e-05 2.38708e-05 2.29416e-05 2.19145e-05 2.07978e-05 1.96007e-05 1.83336e-05 1.70075e-05 0.000101059 2.35398e-05 1.27012e-05 1.05419e-05 1.00275e-05 1.05969e-05 1.15813e-05 1.28857e-05 1.42912e-05 1.56792e-05 1.70262e-05 1.83199e-05 1.95489e-05 2.0703e-05 2.17728e-05 2.27497e-05 2.36263e-05 2.43959e-05 2.50527e-05 2.5592e-05 2.601e-05 2.63036e-05 2.6471e-05 2.65109e-05 2.64232e-05 2.62087e-05 2.5869e-05 2.54068e-05 2.48255e-05 2.41297e-05 2.33247e-05 2.24168e-05 2.14131e-05 2.0322e-05 1.91523e-05 1.79141e-05 1.66184e-05 9.87471e-05 2.288e-05 1.23452e-05 1.02464e-05 9.7464e-06 1.02999e-05 1.12567e-05 1.25245e-05 1.38906e-05 1.52397e-05 1.6549e-05 1.78064e-05 1.9001e-05 2.01227e-05 2.11625e-05 2.21121e-05 2.29641e-05 2.37121e-05 2.43505e-05 2.48747e-05 2.5281e-05 2.55664e-05 2.5729e-05 2.57678e-05 2.56826e-05 2.54741e-05 2.51439e-05 2.46947e-05 2.41297e-05 2.34534e-05 2.26709e-05 2.17885e-05 2.0813e-05 1.97524e-05 1.86155e-05 1.7412e-05 1.61526e-05 9.59794e-05 2.21166e-05 1.19333e-05 9.90455e-06 9.42124e-06 9.95623e-06 1.08812e-05 1.21067e-05 1.34272e-05 1.47313e-05 1.59969e-05 1.72123e-05 1.83671e-05 1.94514e-05 2.04565e-05 2.13744e-05 2.2198e-05 2.2921e-05 2.35381e-05 2.40449e-05 2.44376e-05 2.47134e-05 2.48706e-05 2.49081e-05 2.48258e-05 2.46242e-05 2.43051e-05 2.38708e-05 2.33247e-05 2.26709e-05 2.19146e-05 2.10615e-05 2.01186e-05 1.90934e-05 1.79944e-05 1.68311e-05 1.56137e-05 9.27773e-05 2.12557e-05 1.14688e-05 9.51901e-06 9.05451e-06 9.56868e-06 1.04576e-05 1.16354e-05 1.29045e-05 1.41579e-05 1.53742e-05 1.65423e-05 1.76521e-05 1.86942e-05 1.96602e-05 2.05424e-05 2.13339e-05 2.20288e-05 2.26219e-05 2.31089e-05 2.34863e-05 2.37515e-05 2.39025e-05 2.39386e-05 2.38594e-05 2.36657e-05 2.3359e-05 2.29416e-05 2.24168e-05 2.17885e-05 2.10615e-05 2.02417e-05 1.93355e-05 1.83502e-05 1.7294e-05 1.6176e-05 1.50059e-05 8.91659e-05 2.03041e-05 1.09553e-05 9.09283e-06 8.64913e-06 9.14027e-06 9.98941e-06 1.11145e-05 1.23268e-05 1.3524e-05 1.46859e-05 1.58017e-05 1.68618e-05 1.78573e-05 1.878e-05 1.96227e-05 2.03788e-05 2.10425e-05 2.16091e-05 2.20743e-05 2.24348e-05 2.26881e-05 2.28324e-05 2.28668e-05 2.27912e-05 2.26061e-05 2.23132e-05 2.19145e-05 2.14131e-05 2.0813e-05 2.01186e-05 1.93355e-05 1.84698e-05 1.75286e-05 1.65197e-05 1.54517e-05 1.43341e-05 8.51738e-05 1.92694e-05 1.03971e-05 8.62948e-06 8.20838e-06 8.6745e-06 9.48036e-06 1.05481e-05 1.16986e-05 1.28348e-05 1.39375e-05 1.49965e-05 1.60026e-05 1.69473e-05 1.7823e-05 1.86227e-05 1.93403e-05 1.99702e-05 2.05079e-05 2.09494e-05 2.12916e-05 2.15319e-05 2.16689e-05 2.17016e-05 2.16298e-05 2.14542e-05 2.11761e-05 2.07978e-05 2.0322e-05 1.97524e-05 1.90934e-05 1.83502e-05 1.75286e-05 1.66354e-05 1.56779e-05 1.46643e-05 1.36037e-05 8.08335e-05 1.81603e-05 9.79866e-06 8.13279e-06 7.73593e-06 8.17523e-06 8.93471e-06 9.94098e-06 1.10253e-05 1.20961e-05 1.31353e-05 1.41333e-05 1.50815e-05 1.59719e-05 1.67972e-05 1.75509e-05 1.82271e-05 1.88208e-05 1.93276e-05 1.97436e-05 2.00661e-05 2.02926e-05 2.04217e-05 2.04525e-05 2.03848e-05 2.02193e-05 1.99573e-05 1.96007e-05 1.91523e-05 1.86155e-05 1.79944e-05 1.7294e-05 1.65197e-05 1.56779e-05 1.47755e-05 1.38203e-05 1.28207e-05 7.6181e-05 1.69863e-05 9.1652e-06 7.60702e-06 7.23582e-06 7.64671e-06 8.35709e-06 9.29831e-06 1.03125e-05 1.13141e-05 1.22861e-05 1.32196e-05 1.41065e-05 1.49393e-05 1.57113e-05 1.64162e-05 1.70488e-05 1.76041e-05 1.80781e-05 1.84673e-05 1.87688e-05 1.89807e-05 1.91015e-05 1.91303e-05 1.9067e-05 1.89122e-05 1.86671e-05 1.83336e-05 1.79141e-05 1.7412e-05 1.68311e-05 1.6176e-05 1.54517e-05 1.46643e-05 1.38203e-05 1.29269e-05 1.19918e-05 7.1256e-05 1.57577e-05 8.50227e-06 7.0568e-06 6.71244e-06 7.09362e-06 7.75261e-06 8.62575e-06 9.56661e-06 1.04958e-05 1.13975e-05 1.22634e-05 1.30862e-05 1.38587e-05 1.45749e-05 1.52288e-05 1.58156e-05 1.63308e-05 1.67705e-05 1.71315e-05 1.74113e-05 1.76078e-05 1.77198e-05 1.77466e-05 1.76879e-05 1.75443e-05 1.73169e-05 1.70075e-05 1.66184e-05 1.61526e-05 1.56137e-05 1.50059e-05 1.43341e-05 1.36037e-05 1.28207e-05 1.19918e-05 1.11245e-05 6.6102e-05 9.36327e-05 5.05208e-05 4.19318e-05 3.98856e-05 4.21506e-05 4.60664e-05 5.12546e-05 5.68452e-05 6.23662e-05 6.77241e-05 7.28698e-05 7.77586e-05 8.23492e-05 8.66044e-05 9.04904e-05 9.39771e-05 9.70381e-05 9.96508e-05 0.000101796 0.000103459 0.000104627 0.000105292 0.000105451 0.000105102 0.000104249 0.000102898 0.000101059 9.87471e-05 9.59794e-05 9.27773e-05 8.91659e-05 8.51738e-05 8.08335e-05 7.6181e-05 7.1256e-05 6.6102e-05 0.000392781 
