9.16959e-05 4.94756e-05 4.10645e-05 3.9061e-05 4.12787e-05 4.51135e-05 5.01945e-05 5.56695e-05 6.10761e-05 6.63234e-05 7.13624e-05 7.61502e-05 8.06459e-05 8.48131e-05 8.86187e-05 9.20333e-05 9.5031e-05 9.75896e-05 9.96905e-05 0.000101319 0.000102462 0.000103114 0.00010327 0.000102928 0.000102092 0.000100769 9.89688e-05 9.67047e-05 9.39942e-05 9.08583e-05 8.73216e-05 8.34121e-05 7.91616e-05 7.46053e-05 6.97822e-05 6.47347e-05 0.000384657 4.94756e-05 2.66952e-05 2.21568e-05 2.10758e-05 2.22724e-05 2.43415e-05 2.70831e-05 3.00372e-05 3.29544e-05 3.57856e-05 3.85045e-05 4.10878e-05 4.35135e-05 4.57619e-05 4.78153e-05 4.96577e-05 5.12751e-05 5.26556e-05 5.37892e-05 5.46677e-05 5.52849e-05 5.56365e-05 5.57204e-05 5.55361e-05 5.50852e-05 5.43713e-05 5.33998e-05 5.21782e-05 5.07157e-05 4.90237e-05 4.71154e-05 4.5006e-05 4.27126e-05 4.02542e-05 3.76518e-05 3.49284e-05 0.000207546 4.10645e-05 2.21568e-05 1.83901e-05 1.74929e-05 1.8486e-05 2.02033e-05 2.24788e-05 2.49307e-05 2.73519e-05 2.97018e-05 3.19585e-05 3.41026e-05 3.6116e-05 3.79821e-05 3.96864e-05 4.12156e-05 4.25581e-05 4.37039e-05 4.46448e-05 4.53739e-05 4.58861e-05 4.6178e-05 4.62476e-05 4.60946e-05 4.57204e-05 4.51279e-05 4.43216e-05 4.33076e-05 4.20937e-05 4.06894e-05 3.91055e-05 3.73547e-05 3.54512e-05 3.34107e-05 3.12508e-05 2.89904e-05 0.000172262 3.9061e-05 2.10758e-05 1.74929e-05 1.66395e-05 1.75841e-05 1.92176e-05 2.13821e-05 2.37144e-05 2.60175e-05 2.82528e-05 3.03993e-05 3.24388e-05 3.4354e-05 3.61291e-05 3.77502e-05 3.92048e-05 4.04818e-05 4.15717e-05 4.24667e-05 4.31602e-05 4.36475e-05 4.39251e-05 4.39913e-05 4.38458e-05 4.34899e-05 4.29262e-05 4.21592e-05 4.11947e-05 4.00401e-05 3.87043e-05 3.71977e-05 3.55323e-05 3.37216e-05 3.17807e-05 2.97262e-05 2.7576e-05 0.000163858 4.12787e-05 2.22724e-05 1.8486e-05 1.75841e-05 1.85824e-05 2.03087e-05 2.2596e-05 2.50607e-05 2.74946e-05 2.98567e-05 3.21252e-05 3.42805e-05 3.63043e-05 3.81802e-05 3.98934e-05 4.14305e-05 4.278e-05 4.39318e-05 4.48776e-05 4.56105e-05 4.61254e-05 4.64188e-05 4.64888e-05 4.6335e-05 4.59589e-05 4.53632e-05 4.45527e-05 4.35334e-05 4.23133e-05 4.09016e-05 3.93095e-05 3.75495e-05 3.56361e-05 3.3585e-05 3.14138e-05 2.91416e-05 0.000173161 4.51135e-05 2.43415e-05 2.02033e-05 1.92176e-05 2.03087e-05 2.21954e-05 2.46952e-05 2.73888e-05 3.00488e-05 3.26304e-05 3.51096e-05 3.74651e-05 3.9677e-05 4.17272e-05 4.35995e-05 4.52795e-05 4.67543e-05 4.80131e-05 4.90467e-05 4.98477e-05 5.04105e-05 5.07312e-05 5.08076e-05 5.06396e-05 5.02285e-05 4.95775e-05 4.86917e-05 4.75777e-05 4.62442e-05 4.47014e-05 4.29613e-05 4.10379e-05 3.89467e-05 3.67051e-05 3.43321e-05 3.18489e-05 0.000189247 5.01945e-05 2.70831e-05 2.24788e-05 2.13821e-05 2.2596e-05 2.46952e-05 2.74766e-05 3.04736e-05 3.34332e-05 3.63056e-05 3.90639e-05 4.16848e-05 4.41458e-05 4.64269e-05 4.85101e-05 5.03792e-05 5.20202e-05 5.34208e-05 5.45708e-05 5.54621e-05 5.60882e-05 5.6445e-05 5.65301e-05 5.63431e-05 5.58857e-05 5.51614e-05 5.41758e-05 5.29364e-05 5.14527e-05 4.97361e-05 4.78001e-05 4.566e-05 4.33332e-05 4.08391e-05 3.81989e-05 3.5436e-05 0.000210562 5.56695e-05 3.00372e-05 2.49307e-05 2.37144e-05 2.50607e-05 2.73888e-05 3.04736e-05 3.37975e-05 3.70799e-05 4.02656e-05 4.33248e-05 4.62316e-05 4.8961e-05 5.14909e-05 5.38013e-05 5.58743e-05 5.76943e-05 5.92477e-05 6.05231e-05 6.15116e-05 6.2206e-05 6.26017e-05 6.26961e-05 6.24887e-05 6.19814e-05 6.11781e-05 6.0085e-05 5.87104e-05 5.70648e-05 5.5161e-05 5.30138e-05 5.06403e-05 4.80598e-05 4.52936e-05 4.23655e-05 3.93011e-05 0.000233529 6.10761e-05 3.29544e-05 2.73519e-05 2.60175e-05 2.74946e-05 3.00488e-05 3.34332e-05 3.70799e-05 4.06811e-05 4.41762e-05 4.75325e-05 5.07216e-05 5.37161e-05 5.64917e-05 5.90265e-05 6.13008e-05 6.32975e-05 6.50018e-05 6.64011e-05 6.74855e-05 6.82474e-05 6.86815e-05 6.87851e-05 6.85576e-05 6.8001e-05 6.71197e-05 6.59204e-05 6.44123e-05 6.2607e-05 6.05182e-05 5.81625e-05 5.55585e-05 5.27273e-05 4.96925e-05 4.648e-05 4.3118e-05 0.000256209 6.63234e-05 3.57856e-05 2.97018e-05 2.82528e-05 2.98567e-05 3.26304e-05 3.63056e-05 4.02656e-05 4.41762e-05 4.79715e-05 5.16162e-05 5.50792e-05 5.8331e-05 6.13451e-05 6.40977e-05 6.65674e-05 6.87357e-05 7.05863e-05 7.21059e-05 7.32835e-05 7.41108e-05 7.45822e-05 7.46947e-05 7.44476e-05 7.38432e-05 7.28862e-05 7.15839e-05 6.99462e-05 6.79857e-05 6.57176e-05 6.31595e-05 6.03317e-05 5.72573e-05 5.39618e-05 5.04733e-05 4.68225e-05 0.000278221 7.13624e-05 3.85045e-05 3.19585e-05 3.03993e-05 3.21252e-05 3.51096e-05 3.90639e-05 4.33248e-05 4.75325e-05 5.16162e-05 5.55379e-05 5.9264e-05 6.27628e-05 6.60059e-05 6.89676e-05 7.1625e-05 7.3958e-05 7.59492e-05 7.75842e-05 7.88513e-05 7.97415e-05 8.02487e-05 8.03697e-05 8.01039e-05 7.94535e-05 7.84238e-05 7.70226e-05 7.52605e-05 7.31511e-05 7.07106e-05 6.79581e-05 6.49155e-05 6.16075e-05 5.80616e-05 5.4308e-05 5.03799e-05 0.000299359 7.61502e-05 4.10878e-05 3.41026e-05 3.24388e-05 3.42805e-05 3.74651e-05 4.16848e-05 4.62316e-05 5.07216e-05 5.50792e-05 5.9264e-05 6.324e-05 6.69736e-05 7.04343e-05 7.35947e-05 7.64304e-05 7.89199e-05 8.10447e-05 8.27894e-05 8.41415e-05 8.50914e-05 8.56327e-05 8.57618e-05 8.54781e-05 8.47842e-05 8.36854e-05 8.21901e-05 8.03098e-05 7.80588e-05 7.54546e-05 7.25175e-05 6.92708e-05 6.57409e-05 6.19571e-05 5.79516e-05 5.37599e-05 0.000319444 8.06459e-05 4.35135e-05 3.6116e-05 3.4354e-05 3.63043e-05 3.9677e-05 4.41458e-05 4.8961e-05 5.37161e-05 5.8331e-05 6.27628e-05 6.69736e-05 7.09276e-05 7.45926e-05 7.79396e-05 8.09427e-05 8.35792e-05 8.58294e-05 8.76772e-05 8.9109e-05 9.01151e-05 9.06883e-05 9.0825e-05 9.05246e-05 8.97897e-05 8.8626e-05 8.70424e-05 8.50511e-05 8.26673e-05 7.99093e-05 7.67988e-05 7.33604e-05 6.96221e-05 6.56149e-05 6.1373e-05 5.69338e-05 0.000338303 8.48131e-05 4.57619e-05 3.79821e-05 3.61291e-05 3.81802e-05 4.17272e-05 4.64269e-05 5.14909e-05 5.64917e-05 6.13451e-05 6.60059e-05 7.04343e-05 7.45926e-05 7.84469e-05 8.19669e-05 8.51251e-05 8.78978e-05 9.02644e-05 9.22076e-05 9.37135e-05 9.47715e-05 9.53743e-05 9.55181e-05 9.52022e-05 9.44293e-05 9.32055e-05 9.15401e-05 8.94459e-05 8.69389e-05 8.40384e-05 8.07671e-05 7.71511e-05 7.32196e-05 6.90053e-05 6.45443e-05 5.98757e-05 0.000355784 8.86187e-05 4.78153e-05 3.96864e-05 3.77502e-05 3.98934e-05 4.35995e-05 4.85101e-05 5.38013e-05 5.90265e-05 6.40977e-05 6.89676e-05 7.35947e-05 7.79396e-05 8.19669e-05 8.56448e-05 8.89448e-05 9.18419e-05 9.43146e-05 9.6345e-05 9.79185e-05 9.90239e-05 9.96538e-05 9.98041e-05 9.9474e-05 9.86664e-05 9.73876e-05 9.56475e-05 9.34594e-05 9.08399e-05 8.78092e-05 8.43912e-05 8.06129e-05 7.6505e-05 7.21016e-05 6.74404e-05 6.25623e-05 0.000371748 9.20333e-05 4.96577e-05 4.12156e-05 3.92048e-05 4.14305e-05 4.52795e-05 5.03792e-05 5.58743e-05 6.13008e-05 6.65674e-05 7.1625e-05 7.64304e-05 8.09427e-05 8.51251e-05 8.89448e-05 9.23719e-05 9.53806e-05 9.79487e-05 0.000100057 0.000101691 0.000102839 0.000103494 0.00010365 0.000103307 0.000102468 0.00010114 9.93329e-05 9.70605e-05 9.434e-05 9.11926e-05 8.76429e-05 8.3719e-05 7.94528e-05 7.48798e-05 7.00389e-05 6.49729e-05 0.000386072 9.5031e-05 5.12751e-05 4.25581e-05 4.04818e-05 4.278e-05 4.67543e-05 5.20202e-05 5.76943e-05 6.32975e-05 6.87357e-05 7.3958e-05 7.89199e-05 8.35792e-05 8.78978e-05 9.18419e-05 9.53806e-05 9.84874e-05 0.000101139 0.000103316 0.000105004 0.000106189 0.000106865 0.000107026 0.000106672 0.000105806 0.000104434 0.000102568 0.000100222 9.74129e-05 9.4163e-05 9.04976e-05 8.64459e-05 8.20408e-05 7.73188e-05 7.23203e-05 6.70892e-05 0.000398647 9.75896e-05 5.26556e-05 4.37039e-05 4.15717e-05 4.39318e-05 4.80131e-05 5.34208e-05 5.92477e-05 6.50018e-05 7.05863e-05 7.59492e-05 8.10447e-05 8.58294e-05 9.02644e-05 9.43146e-05 9.79487e-05 0.000101139 0.000103862 0.000106098 0.000107831 0.000109048 0.000109742 0.000109907 0.000109544 0.000108654 0.000107246 0.00010533 0.00010292 0.000100036 9.66982e-05 9.29341e-05 8.87734e-05 8.42496e-05 7.94005e-05 7.42674e-05 6.88956e-05 0.00040938 9.96905e-05 5.37892e-05 4.46448e-05 4.24667e-05 4.48776e-05 4.90467e-05 5.45708e-05 6.05231e-05 6.64011e-05 7.21059e-05 7.75842e-05 8.27894e-05 8.76772e-05 9.22076e-05 9.6345e-05 0.000100057 0.000103316 0.000106098 0.000108382 0.000110152 0.000111396 0.000112104 0.000112273 0.000111902 0.000110994 0.000109555 0.000107598 0.000105136 0.000102189 9.87799e-05 9.49348e-05 9.06845e-05 8.60634e-05 8.11098e-05 7.58662e-05 7.03787e-05 0.000418193 0.000101319 5.46677e-05 4.53739e-05 4.31602e-05 4.56105e-05 4.98477e-05 5.54621e-05 6.15116e-05 6.74855e-05 7.32835e-05 7.88513e-05 8.41415e-05 8.9109e-05 9.37135e-05 9.79185e-05 0.000101691 0.000105004 0.000107831 0.000110152 0.000111951 0.000113215 0.000113935 0.000114107 0.00011373 0.000112806 0.000111344 0.000109355 0.000106853 0.000103858 0.000100393 9.64853e-05 9.21655e-05 8.74689e-05 8.24345e-05 7.71052e-05 7.15281e-05 0.000425023 0.000102462 5.52849e-05 4.58861e-05 4.36475e-05 4.61254e-05 5.04105e-05 5.60882e-05 6.2206e-05 6.82474e-05 7.41108e-05 7.97415e-05 8.50914e-05 9.01151e-05 9.47715e-05 9.90239e-05 0.000102839 0.000106189 0.000109048 0.000111396 0.000113215 0.000114493 0.000115221 0.000115395 0.000115014 0.00011408 0.000112601 0.000110589 0.000108059 0.000105031 0.000101527 9.75745e-05 9.3206e-05 8.84564e-05 8.33651e-05 7.79757e-05 7.23357e-05 0.000429821 0.000103114 5.56365e-05 4.6178e-05 4.39251e-05 4.64188e-05 5.07312e-05 5.6445e-05 6.26017e-05 6.86815e-05 7.45822e-05 8.02487e-05 8.56327e-05 9.06883e-05 9.53743e-05 9.96538e-05 0.000103494 0.000106865 0.000109742 0.000112104 0.000113935 0.000115221 0.000115954 0.000116129 0.000115745 0.000114805 0.000113318 0.000111293 0.000108747 0.000105699 0.000102172 9.81952e-05 9.37989e-05 8.90191e-05 8.38954e-05 7.84717e-05 7.27958e-05 0.000432556 0.00010327 5.57204e-05 4.62476e-05 4.39913e-05 4.64888e-05 5.08076e-05 5.65301e-05 6.26961e-05 6.87851e-05 7.46947e-05 8.03697e-05 8.57618e-05 9.0825e-05 9.55181e-05 9.98041e-05 0.00010365 0.000107026 0.000109907 0.000112273 0.000114107 0.000115395 0.000116129 0.000116304 0.00011592 0.000114978 0.000113488 0.000111461 0.000108911 0.000105858 0.000102326 9.83432e-05 9.39403e-05 8.91532e-05 8.40219e-05 7.859e-05 7.29055e-05 0.000433208 0.000102928 5.55361e-05 4.60946e-05 4.38458e-05 4.6335e-05 5.06396e-05 5.63431e-05 6.24887e-05 6.85576e-05 7.44476e-05 8.01039e-05 8.54781e-05 9.05246e-05 9.52022e-05 9.9474e-05 0.000103307 0.000106672 0.000109544 0.000111902 0.00011373 0.000115014 0.000115745 0.00011592 0.000115536 0.000114598 0.000113113 0.000111092 0.00010855 0.000105508 0.000101988 9.8018e-05 9.36296e-05 8.88584e-05 8.3744e-05 7.83301e-05 7.26644e-05 0.000431775 0.000102092 5.50852e-05 4.57204e-05 4.34899e-05 4.59589e-05 5.02285e-05 5.58857e-05 6.19814e-05 6.8001e-05 7.38432e-05 7.94535e-05 8.47842e-05 8.97897e-05 9.44293e-05 9.86664e-05 0.000102468 0.000105806 0.000108654 0.000110994 0.000112806 0.00011408 0.000114805 0.000114978 0.000114598 0.000113668 0.000112195 0.00011019 0.000107669 0.000104651 0.00010116 9.72222e-05 9.28694e-05 8.8137e-05 8.30641e-05 7.76942e-05 7.20745e-05 0.00042827 0.000100769 5.43713e-05 4.51279e-05 4.29262e-05 4.53632e-05 4.95775e-05 5.51614e-05 6.11781e-05 6.71197e-05 7.28862e-05 7.84238e-05 8.36854e-05 8.8626e-05 9.32055e-05 9.73876e-05 0.00010114 0.000104434 0.000107246 0.000109555 0.000111344 0.000112601 0.000113318 0.000113488 0.000113113 0.000112195 0.000110741 0.000108762 0.000106274 0.000103295 9.98489e-05 9.59622e-05 9.16658e-05 8.69947e-05 8.19876e-05 7.66872e-05 7.11404e-05 0.000422719 9.89688e-05 5.33998e-05 4.43216e-05 4.21592e-05 4.45527e-05 4.86917e-05 5.41758e-05 6.0085e-05 6.59204e-05 7.15839e-05 7.70226e-05 8.21901e-05 8.70424e-05 9.15401e-05 9.56475e-05 9.93329e-05 0.000102568 0.00010533 0.000107598 0.000109355 0.000110589 0.000111293 0.000111461 0.000111092 0.00011019 0.000108762 0.000106819 0.000104375 0.000101449 9.80648e-05 9.42475e-05 9.0028e-05 8.54403e-05 8.05227e-05 7.5317e-05 6.98692e-05 0.000415166 9.67047e-05 5.21782e-05 4.33076e-05 4.11947e-05 4.35334e-05 4.75777e-05 5.29364e-05 5.87104e-05 6.44123e-05 6.99462e-05 7.52605e-05 8.03098e-05 8.50511e-05 8.94459e-05 9.34594e-05 9.70605e-05 0.000100222 0.00010292 0.000105136 0.000106853 0.000108059 0.000108747 0.000108911 0.00010855 0.000107669 0.000106274 0.000104375 0.000101987 9.91285e-05 9.58213e-05 9.20914e-05 8.79684e-05 8.34856e-05 7.86805e-05 7.3594e-05 6.82708e-05 0.000405668 9.39942e-05 5.07157e-05 4.20937e-05 4.00401e-05 4.23133e-05 4.62442e-05 5.14527e-05 5.70648e-05 6.2607e-05 6.79857e-05 7.31511e-05 7.80588e-05 8.26673e-05 8.69389e-05 9.08399e-05 9.434e-05 9.74129e-05 0.000100036 0.000102189 0.000103858 0.000105031 0.000105699 0.000105858 0.000105508 0.000104651 0.000103295 0.000101449 9.91285e-05 9.63501e-05 9.31356e-05 8.95102e-05 8.55028e-05 8.11457e-05 7.64752e-05 7.15312e-05 6.63573e-05 0.000394298 9.08583e-05 4.90237e-05 4.06894e-05 3.87043e-05 4.09016e-05 4.47014e-05 4.97361e-05 5.5161e-05 6.05182e-05 6.57176e-05 7.07106e-05 7.54546e-05 7.99093e-05 8.40384e-05 8.78092e-05 9.11926e-05 9.4163e-05 9.66982e-05 9.87799e-05 0.000100393 0.000101527 0.000102172 0.000102326 0.000101988 0.00010116 9.98489e-05 9.80648e-05 9.58213e-05 9.31356e-05 9.00284e-05 8.65239e-05 8.26502e-05 7.84385e-05 7.39238e-05 6.91448e-05 6.41434e-05 0.000381143 8.73216e-05 4.71154e-05 3.91055e-05 3.71977e-05 3.93095e-05 4.29613e-05 4.78001e-05 5.30138e-05 5.81625e-05 6.31595e-05 6.79581e-05 7.25175e-05 7.67988e-05 8.07671e-05 8.43912e-05 8.76429e-05 9.04976e-05 9.29341e-05 9.49348e-05 9.64853e-05 9.75745e-05 9.81952e-05 9.83432e-05 9.8018e-05 9.72222e-05 9.59622e-05 9.42475e-05 9.20914e-05 8.95102e-05 8.65239e-05 8.31559e-05 7.94329e-05 7.53852e-05 7.10463e-05 6.64533e-05 6.16466e-05 0.000366307 8.34121e-05 4.5006e-05 3.73547e-05 3.55323e-05 3.75495e-05 4.10379e-05 4.566e-05 5.06403e-05 5.55585e-05 6.03317e-05 6.49155e-05 6.92708e-05 7.33604e-05 7.71511e-05 8.06129e-05 8.3719e-05 8.64459e-05 8.87734e-05 9.06845e-05 9.21655e-05 9.3206e-05 9.37989e-05 9.39403e-05 9.36296e-05 9.28694e-05 9.16658e-05 9.0028e-05 8.79684e-05 8.55028e-05 8.26502e-05 7.94329e-05 7.58766e-05 7.20101e-05 6.78654e-05 6.34781e-05 5.88866e-05 0.000349907 7.91616e-05 4.27126e-05 3.54512e-05 3.37216e-05 3.56361e-05 3.89467e-05 4.33332e-05 4.80598e-05 5.27273e-05 5.72573e-05 6.16075e-05 6.57409e-05 6.96221e-05 7.32196e-05 7.6505e-05 7.94528e-05 8.20408e-05 8.42496e-05 8.60634e-05 8.74689e-05 8.84564e-05 8.90191e-05 8.91532e-05 8.88584e-05 8.8137e-05 8.69947e-05 8.54403e-05 8.34856e-05 8.11457e-05 7.84385e-05 7.53852e-05 7.20101e-05 6.83406e-05 6.44071e-05 6.02433e-05 5.58859e-05 0.000332076 7.46053e-05 4.02542e-05 3.34107e-05 3.17807e-05 3.3585e-05 3.67051e-05 4.08391e-05 4.52936e-05 4.96925e-05 5.39618e-05 5.80616e-05 6.19571e-05 6.56149e-05 6.90053e-05 7.21016e-05 7.48798e-05 7.73188e-05 7.94005e-05 8.11098e-05 8.24345e-05 8.33651e-05 8.38954e-05 8.40219e-05 8.3744e-05 8.30641e-05 8.19876e-05 8.05227e-05 7.86805e-05 7.64752e-05 7.39238e-05 7.10463e-05 6.78654e-05 6.44071e-05 6.07001e-05 5.67759e-05 5.26693e-05 0.000312963 6.97822e-05 3.76518e-05 3.12508e-05 2.97262e-05 3.14138e-05 3.43321e-05 3.81989e-05 4.23655e-05 4.648e-05 5.04733e-05 5.4308e-05 5.79516e-05 6.1373e-05 6.45443e-05 6.74404e-05 7.00389e-05 7.23203e-05 7.42674e-05 7.58662e-05 7.71052e-05 7.79757e-05 7.84717e-05 7.859e-05 7.83301e-05 7.76942e-05 7.66872e-05 7.5317e-05 7.3594e-05 7.15312e-05 6.91448e-05 6.64533e-05 6.34781e-05 6.02433e-05 5.67759e-05 5.31055e-05 4.92643e-05 0.000292731 6.47347e-05 3.49284e-05 2.89904e-05 2.7576e-05 2.91416e-05 3.18489e-05 3.5436e-05 3.93011e-05 4.3118e-05 4.68225e-05 5.03799e-05 5.37599e-05 5.69338e-05 5.98757e-05 6.25623e-05 6.49729e-05 6.70892e-05 6.88956e-05 7.03787e-05 7.15281e-05 7.23357e-05 7.27958e-05 7.29055e-05 7.26644e-05 7.20745e-05 7.11404e-05 6.98692e-05 6.82708e-05 6.63573e-05 6.41434e-05 6.16466e-05 5.88866e-05 5.58859e-05 5.26693e-05 4.92643e-05 4.57009e-05 0.000271557 0.000384657 0.000207546 0.000172262 0.000163858 0.000173161 0.000189247 0.000210562 0.000233529 0.000256209 0.000278221 0.000299359 0.000319444 0.000338303 0.000355784 0.000371748 0.000386072 0.000398647 0.00040938 0.000418193 0.000425023 0.000429821 0.000432556 0.000433208 0.000431775 0.00042827 0.000422719 0.000415166 0.000405668 0.000394298 0.000381143 0.000366307 0.000349907 0.000332076 0.000312963 0.000292731 0.000271557 0.0016136 
