13.7878 5.73647 4.83822 5.19378 3.39329 2.23515 1.19445 1.06363 1.14783 1.65851 1.34402 0.418214 0.106376 0.0414986 0.0183505 0.0112633 0.00863817 0.00668462 0.00452851 0.00249735 0.00104607 0.000351862 0.000155498 0.000119235 0.000107679 0.000109893 0.000120697 0.000126851 0.000110956 9.10759e-05 8.09367e-05 7.9874e-05 8.81094e-05 0.000103606 0.000127249 0.000148015 0.000832966 5.73647 2.38668 2.01296 2.16089 1.41179 0.929942 0.496957 0.442527 0.477559 0.690027 0.559186 0.174 0.044258 0.0172657 0.00763479 0.00468616 0.00359394 0.00278116 0.0018841 0.00103903 0.00043522 0.000146393 6.46953e-05 4.96084e-05 4.48004e-05 4.57215e-05 5.02163e-05 5.27768e-05 4.61636e-05 3.78925e-05 3.3674e-05 3.32319e-05 3.66582e-05 4.31057e-05 5.29426e-05 6.15822e-05 0.000346559 4.83822 2.01296 1.69775 1.82252 1.19072 0.784325 0.41914 0.373233 0.40278 0.581978 0.471625 0.146754 0.0373278 0.0145621 0.00643928 0.00395237 0.00303118 0.00234567 0.00158908 0.000876332 0.00036707 0.00012347 5.45649e-05 4.18403e-05 3.77853e-05 3.85621e-05 4.2353e-05 4.45126e-05 3.8935e-05 3.1959e-05 2.84011e-05 2.80282e-05 3.0918e-05 3.63559e-05 4.46525e-05 5.19392e-05 0.000292292 5.19378 2.16089 1.82252 1.95646 1.27823 0.841966 0.449943 0.400662 0.43238 0.624748 0.506285 0.157539 0.040071 0.0156323 0.00691251 0.00424283 0.00325394 0.00251805 0.00170586 0.000940734 0.000394046 0.000132544 5.85749e-05 4.49152e-05 4.05621e-05 4.13961e-05 4.54656e-05 4.77839e-05 4.17963e-05 3.43077e-05 3.04883e-05 3.0088e-05 3.31902e-05 3.90277e-05 4.7934e-05 5.57562e-05 0.000313773 3.39329 1.41179 1.19072 1.27823 0.835117 0.550088 0.293965 0.261768 0.28249 0.408172 0.330775 0.102926 0.0261799 0.0102131 0.0045162 0.002772 0.00212592 0.00164514 0.0011145 0.000614617 0.000257445 8.65961e-05 3.82692e-05 2.93448e-05 2.65008e-05 2.70456e-05 2.97044e-05 3.1219e-05 2.73071e-05 2.24145e-05 1.99192e-05 1.96576e-05 2.16844e-05 2.54983e-05 3.13171e-05 3.64277e-05 0.000205 2.23515 0.929942 0.784325 0.841966 0.550088 0.362341 0.193634 0.172425 0.186075 0.268861 0.21788 0.0677969 0.0172446 0.00672736 0.0029748 0.00182591 0.00140034 0.00108365 0.000734119 0.000404846 0.000169578 5.70405e-05 2.52078e-05 1.93293e-05 1.7456e-05 1.78148e-05 1.95662e-05 2.05639e-05 1.79871e-05 1.47643e-05 1.31207e-05 1.29484e-05 1.42834e-05 1.67956e-05 2.06285e-05 2.39948e-05 0.000135032 1.19445 0.496957 0.41914 0.449943 0.293965 0.193634 0.103477 0.0921435 0.0994379 0.143678 0.116434 0.0362304 0.00921545 0.00359508 0.00158972 0.000975757 0.000748335 0.000579097 0.00039231 0.000216348 9.0622e-05 3.04822e-05 1.34709e-05 1.03295e-05 9.32839e-06 9.52018e-06 1.04561e-05 1.09892e-05 9.61223e-06 7.89001e-06 7.01164e-06 6.91958e-06 7.63302e-06 8.97551e-06 1.10238e-05 1.28227e-05 7.21608e-05 1.06363 0.442527 0.373233 0.400662 0.261768 0.172425 0.0921435 0.0820512 0.0885467 0.127942 0.103682 0.0322622 0.00820611 0.00320132 0.00141561 0.000868885 0.000666372 0.00051567 0.000349342 0.000192652 8.06964e-05 2.71436e-05 1.19955e-05 9.19814e-06 8.30668e-06 8.47746e-06 9.31086e-06 9.78562e-06 8.55943e-06 7.02584e-06 6.24367e-06 6.1617e-06 6.797e-06 7.99245e-06 9.81636e-06 1.14183e-05 6.42572e-05 1.14783 0.477559 0.40278 0.43238 0.28249 0.186075 0.0994379 0.0885467 0.0955564 0.13807 0.11189 0.0348162 0.00885574 0.00345475 0.00152767 0.000937669 0.000719125 0.000556492 0.000376997 0.000207903 8.70846e-05 2.92924e-05 1.29451e-05 9.92631e-06 8.96427e-06 9.14857e-06 1.00479e-05 1.05603e-05 9.23703e-06 7.58203e-06 6.73795e-06 6.64948e-06 7.33507e-06 8.62516e-06 1.05935e-05 1.23222e-05 6.93441e-05 1.65851 0.690027 0.581978 0.624748 0.408172 0.268861 0.143678 0.127942 0.13807 0.199498 0.16167 0.0503061 0.0127957 0.00499178 0.00220734 0.00135484 0.00103907 0.000804078 0.000544725 0.0003004 0.000125829 4.23247e-05 1.87045e-05 1.43426e-05 1.29525e-05 1.32188e-05 1.45183e-05 1.52586e-05 1.33466e-05 1.09553e-05 9.73569e-06 9.60787e-06 1.05985e-05 1.24625e-05 1.53065e-05 1.78044e-05 0.000100196 1.34402 0.559186 0.471625 0.506285 0.330775 0.21788 0.116434 0.103682 0.11189 0.16167 0.131014 0.0407672 0.0103694 0.00404525 0.00178879 0.00109794 0.000842042 0.000651611 0.000441435 0.000243439 0.00010197 3.42992e-05 1.51578e-05 1.1623e-05 1.04965e-05 1.07123e-05 1.17654e-05 1.23653e-05 1.08159e-05 8.878e-06 7.88964e-06 7.78605e-06 8.58883e-06 1.00994e-05 1.24042e-05 1.44284e-05 8.11968e-05 0.418214 0.174 0.146754 0.157539 0.102926 0.0677969 0.0362304 0.0322622 0.0348162 0.0503061 0.0407672 0.0126853 0.0032266 0.00125874 0.00055661 0.000341642 0.000262014 0.000202759 0.00013736 7.57499e-05 3.17295e-05 1.06727e-05 4.71658e-06 3.61667e-06 3.26615e-06 3.3333e-06 3.66099e-06 3.84766e-06 3.36553e-06 2.76253e-06 2.45498e-06 2.42275e-06 2.67255e-06 3.14259e-06 3.85975e-06 4.48961e-06 2.52657e-05 0.106376 0.044258 0.0373278 0.040071 0.0261799 0.0172446 0.00921545 0.00820611 0.00885574 0.0127957 0.0103694 0.0032266 0.000820709 0.00032017 0.000141578 8.68989e-05 6.66452e-05 5.15732e-05 3.49384e-05 1.92675e-05 8.07061e-06 2.71468e-06 1.19969e-06 9.19925e-07 8.30768e-07 8.47848e-07 9.31198e-07 9.7868e-07 8.56046e-07 7.02668e-07 6.24442e-07 6.16244e-07 6.79781e-07 7.99341e-07 9.81754e-07 1.14196e-06 6.42649e-06 0.0414986 0.0172657 0.0145621 0.0156323 0.0102131 0.00672736 0.00359508 0.00320132 0.00345475 0.00499178 0.00404525 0.00125874 0.00032017 0.000124903 5.52314e-05 3.39005e-05 2.59992e-05 2.01194e-05 1.36299e-05 7.51653e-06 3.14846e-06 1.05904e-06 4.68017e-07 3.58875e-07 3.24094e-07 3.30757e-07 3.63273e-07 3.81797e-07 3.33955e-07 2.74121e-07 2.43604e-07 2.40405e-07 2.65192e-07 3.11834e-07 3.82996e-07 4.45496e-07 2.50706e-06 0.0183505 0.00763479 0.00643928 0.00691251 0.0045162 0.0029748 0.00158972 0.00141561 0.00152767 0.00220734 0.00178879 0.00055661 0.000141578 5.52314e-05 2.4423e-05 1.49906e-05 1.14967e-05 8.8967e-06 6.02709e-06 3.32377e-06 1.39223e-06 4.683e-07 2.06955e-07 1.58693e-07 1.43313e-07 1.46259e-07 1.60638e-07 1.68828e-07 1.47673e-07 1.21215e-07 1.0772e-07 1.06306e-07 1.17267e-07 1.37891e-07 1.69359e-07 1.96996e-07 1.10861e-06 0.0112633 0.00468616 0.00395237 0.00424283 0.002772 0.00182591 0.000975757 0.000868885 0.000937669 0.00135484 0.00109794 0.000341642 8.68989e-05 3.39005e-05 1.49906e-05 9.20109e-06 7.05657e-06 5.46071e-06 3.69937e-06 2.0401e-06 8.54538e-07 2.87438e-07 1.27027e-07 9.74041e-08 8.79639e-08 8.97724e-08 9.85977e-08 1.03625e-07 9.06404e-08 7.44004e-08 6.61176e-08 6.52495e-08 7.19771e-08 8.46363e-08 1.03951e-07 1.20914e-07 6.80454e-07 0.00863817 0.00359394 0.00303118 0.00325394 0.00212592 0.00140034 0.000748335 0.000666372 0.000719125 0.00103907 0.000842042 0.000262014 6.66452e-05 2.59992e-05 1.14967e-05 7.05657e-06 5.41188e-06 4.18797e-06 2.83715e-06 1.56461e-06 6.55369e-07 2.20444e-07 9.74204e-08 7.47019e-08 6.7462e-08 6.88489e-08 7.56173e-08 7.94731e-08 6.95147e-08 5.70597e-08 5.07074e-08 5.00417e-08 5.52012e-08 6.491e-08 7.97227e-08 9.27325e-08 5.21859e-07 0.00668462 0.00278116 0.00234567 0.00251805 0.00164514 0.00108365 0.000579097 0.00051567 0.000556492 0.000804078 0.000651611 0.000202759 5.15732e-05 2.01194e-05 8.8967e-06 5.46071e-06 4.18797e-06 3.24085e-06 2.19552e-06 1.21077e-06 5.07155e-07 1.7059e-07 7.53885e-08 5.78079e-08 5.22052e-08 5.32785e-08 5.85162e-08 6.15e-08 5.37937e-08 4.41555e-08 3.92398e-08 3.87246e-08 4.27173e-08 5.02304e-08 6.16932e-08 7.17607e-08 4.03839e-07 0.00452851 0.0018841 0.00158908 0.00170586 0.0011145 0.000734119 0.00039231 0.000349342 0.000376997 0.000544725 0.000441435 0.00013736 3.49384e-05 1.36299e-05 6.02709e-06 3.69937e-06 2.83715e-06 2.19552e-06 1.48736e-06 8.20236e-07 3.43573e-07 1.15567e-07 5.10721e-08 3.91621e-08 3.53666e-08 3.60937e-08 3.96419e-08 4.16633e-08 3.64427e-08 2.99132e-08 2.65831e-08 2.62341e-08 2.89389e-08 3.40287e-08 4.17942e-08 4.86145e-08 2.73582e-07 0.00249735 0.00103903 0.000876332 0.000940734 0.000614617 0.000404846 0.000216348 0.000192652 0.000207903 0.0003004 0.000243439 7.57499e-05 1.92675e-05 7.51653e-06 3.32377e-06 2.0401e-06 1.56461e-06 1.21077e-06 8.20236e-07 4.52337e-07 1.89471e-07 6.37317e-08 2.81648e-08 2.15968e-08 1.95037e-08 1.99046e-08 2.18614e-08 2.29761e-08 2.00971e-08 1.64963e-08 1.46598e-08 1.44674e-08 1.5959e-08 1.87659e-08 2.30483e-08 2.68095e-08 1.50873e-07 0.00104607 0.00043522 0.00036707 0.000394046 0.000257445 0.000169578 9.0622e-05 8.06964e-05 8.70846e-05 0.000125829 0.00010197 3.17295e-05 8.07061e-06 3.14846e-06 1.39223e-06 8.54538e-07 6.55369e-07 5.07155e-07 3.43573e-07 1.89471e-07 7.93639e-08 2.66954e-08 1.17974e-08 9.04626e-09 8.16952e-09 8.33748e-09 9.15712e-09 9.62404e-09 8.4181e-09 6.90983e-09 6.14058e-09 6.05995e-09 6.68476e-09 7.86047e-09 9.65427e-09 1.12297e-08 6.31962e-08 0.000351862 0.000146393 0.00012347 0.000132544 8.65961e-05 5.70405e-05 3.04822e-05 2.71436e-05 2.92924e-05 4.23247e-05 3.42992e-05 1.06727e-05 2.71468e-06 1.05904e-06 4.683e-07 2.87438e-07 2.20444e-07 1.7059e-07 1.15567e-07 6.37317e-08 2.66954e-08 8.97944e-09 3.96826e-09 3.04286e-09 2.74795e-09 2.80445e-09 3.08015e-09 3.23721e-09 2.83157e-09 2.32424e-09 2.06549e-09 2.03837e-09 2.24853e-09 2.644e-09 3.24738e-09 3.77731e-09 2.12571e-08 0.000155498 6.46953e-05 5.45649e-05 5.85749e-05 3.82692e-05 2.52078e-05 1.34709e-05 1.19955e-05 1.29451e-05 1.87045e-05 1.51578e-05 4.71658e-06 1.19969e-06 4.68017e-07 2.06955e-07 1.27027e-07 9.74204e-08 7.53885e-08 5.10721e-08 2.81648e-08 1.17974e-08 3.96826e-09 1.75369e-09 1.34473e-09 1.2144e-09 1.23936e-09 1.3612e-09 1.43061e-09 1.25135e-09 1.02714e-09 9.12795e-10 9.00811e-10 9.93688e-10 1.16846e-09 1.43511e-09 1.6693e-09 9.3941e-09 0.000119235 4.96084e-05 4.18403e-05 4.49152e-05 2.93448e-05 1.93293e-05 1.03295e-05 9.19814e-06 9.92631e-06 1.43426e-05 1.1623e-05 3.61667e-06 9.19925e-07 3.58875e-07 1.58693e-07 9.74041e-08 7.47019e-08 5.78079e-08 3.91621e-08 2.15968e-08 9.04626e-09 3.04286e-09 1.34473e-09 1.03113e-09 9.31199e-10 9.50344e-10 1.04377e-09 1.09699e-09 9.59533e-10 7.87614e-10 6.99931e-10 6.90741e-10 7.6196e-10 8.95973e-10 1.10044e-09 1.28002e-09 7.20339e-09 0.000107679 4.48004e-05 3.77853e-05 4.05621e-05 2.65008e-05 1.7456e-05 9.32839e-06 8.30668e-06 8.96427e-06 1.29525e-05 1.04965e-05 3.26615e-06 8.30768e-07 3.24094e-07 1.43313e-07 8.79639e-08 6.7462e-08 5.22052e-08 3.53666e-08 1.95037e-08 8.16952e-09 2.74795e-09 1.2144e-09 9.31199e-10 8.40949e-10 8.58239e-10 9.4261e-10 9.90674e-10 8.66537e-10 7.1128e-10 6.32095e-10 6.23796e-10 6.88112e-10 8.09137e-10 9.93786e-10 1.15596e-09 6.50525e-09 0.000109893 4.57215e-05 3.85621e-05 4.13961e-05 2.70456e-05 1.78148e-05 9.52018e-06 8.47746e-06 9.14857e-06 1.32188e-05 1.07123e-05 3.3333e-06 8.47848e-07 3.30757e-07 1.46259e-07 8.97724e-08 6.88489e-08 5.32785e-08 3.60937e-08 1.99046e-08 8.33748e-09 2.80445e-09 1.23936e-09 9.50344e-10 8.58239e-10 8.75883e-10 9.61989e-10 1.01104e-09 8.84353e-10 7.25903e-10 6.4509e-10 6.36621e-10 7.02259e-10 8.25772e-10 1.01422e-09 1.17973e-09 6.639e-09 0.000120697 5.02163e-05 4.2353e-05 4.54656e-05 2.97044e-05 1.95662e-05 1.04561e-05 9.31086e-06 1.00479e-05 1.45183e-05 1.17654e-05 3.66099e-06 9.31198e-07 3.63273e-07 1.60638e-07 9.85977e-08 7.56173e-08 5.85162e-08 3.96419e-08 2.18614e-08 9.15712e-09 3.08015e-09 1.3612e-09 1.04377e-09 9.4261e-10 9.61989e-10 1.05656e-09 1.11043e-09 9.71291e-10 7.97265e-10 7.08508e-10 6.99206e-10 7.71297e-10 9.06952e-10 1.11392e-09 1.2957e-09 7.29166e-09 0.000126851 5.27768e-05 4.45126e-05 4.77839e-05 3.1219e-05 2.05639e-05 1.09892e-05 9.78562e-06 1.05603e-05 1.52586e-05 1.23653e-05 3.84766e-06 9.7868e-07 3.81797e-07 1.68828e-07 1.03625e-07 7.94731e-08 6.15e-08 4.16633e-08 2.29761e-08 9.62404e-09 3.23721e-09 1.43061e-09 1.09699e-09 9.90674e-10 1.01104e-09 1.11043e-09 1.16706e-09 1.02082e-09 8.37918e-10 7.44635e-10 7.34859e-10 8.10626e-10 9.53198e-10 1.17072e-09 1.36177e-09 7.66347e-09 0.000110956 4.61636e-05 3.8935e-05 4.17963e-05 2.73071e-05 1.79871e-05 9.61223e-06 8.55943e-06 9.23703e-06 1.33466e-05 1.08159e-05 3.36553e-06 8.56046e-07 3.33955e-07 1.47673e-07 9.06404e-08 6.95147e-08 5.37937e-08 3.64427e-08 2.00971e-08 8.4181e-09 2.83157e-09 1.25135e-09 9.59533e-10 8.66537e-10 8.84353e-10 9.71291e-10 1.02082e-09 8.92904e-10 7.32922e-10 6.51328e-10 6.42777e-10 7.0905e-10 8.33757e-10 1.02402e-09 1.19113e-09 6.70319e-09 9.10759e-05 3.78925e-05 3.1959e-05 3.43077e-05 2.24145e-05 1.47643e-05 7.89001e-06 7.02584e-06 7.58203e-06 1.09553e-05 8.878e-06 2.76253e-06 7.02668e-07 2.74121e-07 1.21215e-07 7.44004e-08 5.70597e-08 4.41555e-08 2.99132e-08 1.64963e-08 6.90983e-09 2.32424e-09 1.02714e-09 7.87614e-10 7.1128e-10 7.25903e-10 7.97265e-10 8.37918e-10 7.32922e-10 6.01605e-10 5.3463e-10 5.27611e-10 5.82009e-10 6.84373e-10 8.4055e-10 9.77717e-10 5.50218e-09 8.09367e-05 3.3674e-05 2.84011e-05 3.04883e-05 1.99192e-05 1.31207e-05 7.01164e-06 6.24367e-06 6.73795e-06 9.73569e-06 7.88964e-06 2.45498e-06 6.24442e-07 2.43604e-07 1.0772e-07 6.61176e-08 5.07074e-08 3.92398e-08 2.65831e-08 1.46598e-08 6.14058e-09 2.06549e-09 9.12795e-10 6.99931e-10 6.32095e-10 6.4509e-10 7.08508e-10 7.44635e-10 6.51328e-10 5.3463e-10 4.75111e-10 4.68873e-10 5.17216e-10 6.08184e-10 7.46974e-10 8.68871e-10 4.88964e-09 7.9874e-05 3.32319e-05 2.80282e-05 3.0088e-05 1.96576e-05 1.29484e-05 6.91958e-06 6.1617e-06 6.64948e-06 9.60787e-06 7.78605e-06 2.42275e-06 6.16244e-07 2.40405e-07 1.06306e-07 6.52495e-08 5.00417e-08 3.87246e-08 2.62341e-08 1.44674e-08 6.05995e-09 2.03837e-09 9.00811e-10 6.90741e-10 6.23796e-10 6.36621e-10 6.99206e-10 7.34859e-10 6.42777e-10 5.27611e-10 4.68873e-10 4.62717e-10 5.10425e-10 6.00199e-10 7.37167e-10 8.57463e-10 4.82544e-09 8.81094e-05 3.66582e-05 3.0918e-05 3.31902e-05 2.16844e-05 1.42834e-05 7.63302e-06 6.797e-06 7.33507e-06 1.05985e-05 8.58883e-06 2.67255e-06 6.79781e-07 2.65192e-07 1.17267e-07 7.19771e-08 5.52012e-08 4.27173e-08 2.89389e-08 1.5959e-08 6.68476e-09 2.24853e-09 9.93688e-10 7.6196e-10 6.88112e-10 7.02259e-10 7.71297e-10 8.10626e-10 7.0905e-10 5.82009e-10 5.17216e-10 5.10425e-10 5.63052e-10 6.62082e-10 8.13172e-10 9.45871e-10 5.32297e-09 0.000103606 4.31057e-05 3.63559e-05 3.90277e-05 2.54983e-05 1.67956e-05 8.97551e-06 7.99245e-06 8.62516e-06 1.24625e-05 1.00994e-05 3.14259e-06 7.99341e-07 3.11834e-07 1.37891e-07 8.46363e-08 6.491e-08 5.02304e-08 3.40287e-08 1.87659e-08 7.86047e-09 2.644e-09 1.16846e-09 8.95973e-10 8.09137e-10 8.25772e-10 9.06952e-10 9.53198e-10 8.33757e-10 6.84373e-10 6.08184e-10 6.00199e-10 6.62082e-10 7.78528e-10 9.56192e-10 1.11223e-09 6.25917e-09 0.000127249 5.29426e-05 4.46525e-05 4.7934e-05 3.13171e-05 2.06285e-05 1.10238e-05 9.81636e-06 1.05935e-05 1.53065e-05 1.24042e-05 3.85975e-06 9.81754e-07 3.82996e-07 1.69359e-07 1.03951e-07 7.97227e-08 6.16932e-08 4.17942e-08 2.30483e-08 9.65427e-09 3.24738e-09 1.43511e-09 1.10044e-09 9.93786e-10 1.01422e-09 1.11392e-09 1.17072e-09 1.02402e-09 8.4055e-10 7.46974e-10 7.37167e-10 8.13172e-10 9.56192e-10 1.1744e-09 1.36605e-09 7.68754e-09 0.000148015 6.15822e-05 5.19392e-05 5.57562e-05 3.64277e-05 2.39948e-05 1.28227e-05 1.14183e-05 1.23222e-05 1.78044e-05 1.44284e-05 4.48961e-06 1.14196e-06 4.45496e-07 1.96996e-07 1.20914e-07 9.27325e-08 7.17607e-08 4.86145e-08 2.68095e-08 1.12297e-08 3.77731e-09 1.6693e-09 1.28002e-09 1.15596e-09 1.17973e-09 1.2957e-09 1.36177e-09 1.19113e-09 9.77717e-10 8.68871e-10 8.57463e-10 9.45871e-10 1.11223e-09 1.36605e-09 1.58897e-09 8.94205e-09 0.000832966 0.000346559 0.000292292 0.000313773 0.000205 0.000135032 7.21608e-05 6.42572e-05 6.93441e-05 0.000100196 8.11968e-05 2.52657e-05 6.42649e-06 2.50706e-06 1.10861e-06 6.80454e-07 5.21859e-07 4.03839e-07 2.73582e-07 1.50873e-07 6.31962e-08 2.12571e-08 9.3941e-09 7.20339e-09 6.50525e-09 6.639e-09 7.29166e-09 7.66347e-09 6.70319e-09 5.50218e-09 4.88964e-09 4.82544e-09 5.32297e-09 6.25917e-09 7.68754e-09 8.94205e-09 5.03221e-08 
