1 0.999981 0.999972 0.999923 0.999911 0.999839 0.999413 0.999394 0.99953 0.999637 0.999556 0.997574 0.965457 0.836732 0.584347 0.42424 0.351997 0.287785 0.202925 0.113975 0.0477742 0.015985 0.00659873 0.00425937 0.00312577 0.00267548 0.00262926 0.00249982 0.0017454 0.000952719 0.000549871 0.000514599 0.000861465 0.0015557 0.00266925 0.0038558 0.00317622 0.999981 1 0.999988 0.999899 0.999921 0.99989 0.999575 0.999531 0.999597 0.999607 0.999528 0.997762 0.96639 0.838592 0.586849 0.426706 0.3542 0.289696 0.204541 0.115288 0.0487861 0.0167206 0.00708996 0.00454378 0.00324357 0.00266161 0.00250949 0.00229475 0.00147472 0.00063175 0.000190484 0.000127166 0.00045429 0.00113655 0.00224456 0.00343282 0.00300656 0.999972 0.999988 1 0.999951 0.999969 0.999937 0.999604 0.999585 0.999679 0.999711 0.999638 0.997869 0.966502 0.838744 0.587057 0.426956 0.354481 0.289995 0.204849 0.115597 0.0490921 0.0170239 0.00739135 0.00484343 0.00354175 0.00295857 0.00280502 0.00258839 0.00176572 0.00091919 0.000473375 0.000404481 0.000725033 0.00139977 0.00249943 0.00367841 0.00314174 0.999923 0.999899 0.999951 1 0.999983 0.999912 0.999453 0.999499 0.999701 0.999855 0.99979 0.997836 0.965865 0.837435 0.585357 0.425389 0.353189 0.288971 0.204065 0.115035 0.0487339 0.0168457 0.00736737 0.00494547 0.0037421 0.00323432 0.00313938 0.00296802 0.00217817 0.00135469 0.000924228 0.000863986 0.00118771 0.00186057 0.00295417 0.00412245 0.00333672 0.999911 0.999921 0.999969 0.999983 1 0.999972 0.999629 0.99966 0.999799 0.999856 0.999798 0.998101 0.967045 0.839814 0.58863 0.4287 0.356223 0.291654 0.20636 0.1169 0.0501513 0.0178359 0.00796754 0.0052057 0.00372084 0.00298514 0.00270304 0.00237825 0.00146911 0.000553765 5.33246e-05 -5.72004e-05 0.000232243 0.000886177 0.00197368 0.00315075 0.00292011 0.999839 0.99989 0.999937 0.999912 0.999972 1 0.999803 0.999822 0.999887 0.999825 0.99978 0.99843 0.968629 0.843084 0.593209 0.433397 0.360583 0.295555 0.209731 0.119665 0.0522688 0.0193249 0.00887434 0.00559896 0.00368439 0.00259726 0.00202399 0.00145842 0.000360609 -0.000701212 -0.00131433 -0.00150679 -0.00127427 -0.000653032 0.000422024 0.00161049 0.00223628 0.999413 0.999575 0.999604 0.999453 0.999629 0.999803 1 0.999971 0.999823 0.999432 0.999419 0.998979 0.972463 0.851338 0.604924 0.445457 0.371783 0.305585 0.218422 0.12682 0.0577748 0.0232161 0.0112607 0.00665378 0.00362239 0.00161951 0.000285501 -0.000910771 -0.00250387 -0.00395141 -0.0048625 -0.00527292 -0.0051933 -0.00466172 -0.00362351 -0.0024092 0.000422375 0.999394 0.999531 0.999585 0.999499 0.99966 0.999822 0.999971 1 0.999923 0.99959 0.999597 0.999191 0.972893 0.852286 0.606505 0.447406 0.373903 0.307747 0.220509 0.128713 0.0593841 0.0245006 0.0122082 0.00727491 0.00394799 0.00168594 0.000123413 -0.00127325 -0.00303245 -0.00461712 -0.00564155 -0.0061423 -0.00613427 -0.00565499 -0.00465289 -0.00345397 -0.000157542 0.99953 0.999597 0.999679 0.999701 0.999799 0.999887 0.999823 0.999923 1 0.99986 0.99987 0.999102 0.971586 0.849551 0.602878 0.443994 0.371045 0.305463 0.218768 0.127488 0.0586381 0.0241733 0.0122345 0.00758501 0.00447352 0.00237018 0.000925127 -0.000386285 -0.00208847 -0.00363793 -0.00464421 -0.00514096 -0.00514056 -0.00467895 -0.00370291 -0.00253815 0.00013863 0.999637 0.999607 0.999711 0.999855 0.999856 0.999825 0.999432 0.99959 0.99986 1 0.999992 0.998514 0.968479 0.843154 0.594026 0.435049 0.362876 0.298271 0.212653 0.122566 0.0549593 0.0216846 0.0108357 0.00713751 0.00481454 0.00335024 0.00242986 0.00154817 0.000179114 -0.00111516 -0.00192868 -0.00228905 -0.00219824 -0.00169034 -0.00070492 0.000426365 0.00142926 0.999556 0.999528 0.999638 0.99979 0.999798 0.99978 0.999419 0.999597 0.99987 0.999992 1 0.998677 0.969265 0.844943 0.596794 0.43819 0.366094 0.30145 0.215699 0.125365 0.0574192 0.0237603 0.0125152 0.00843633 0.00577017 0.00400438 0.00281661 0.00169822 0.000130333 -0.00133162 -0.0022879 -0.00276678 -0.00277521 -0.00234623 -0.0014229 -0.000331061 0.000948863 0.997574 0.997762 0.997869 0.997836 0.998101 0.99843 0.998979 0.999191 0.999102 0.998514 0.998677 1 0.980598 0.870901 0.635637 0.480292 0.407311 0.340454 0.251582 0.15703 0.0840133 0.0450043 0.0284932 0.0195403 0.0126187 0.00722239 0.00289891 -0.000925366 -0.00470988 -0.00798954 -0.0104451 -0.012122 -0.0130869 -0.0133683 -0.0129512 -0.0121035 -0.00534492 0.965457 0.96639 0.966502 0.965865 0.967045 0.968629 0.972463 0.972893 0.971586 0.968479 0.969265 0.980598 1 0.949888 0.771633 0.634578 0.561796 0.489739 0.392519 0.285195 0.19517 0.136862 0.10053 0.0728633 0.0494184 0.029773 0.0130143 -0.00164543 -0.0143845 -0.0250979 -0.0337881 -0.0405541 -0.0456976 -0.0492159 -0.0512596 -0.0518419 -0.028084 0.836732 0.838592 0.838744 0.837435 0.839814 0.843084 0.851338 0.852286 0.849551 0.843154 0.844943 0.870901 0.949888 1 0.930961 0.83916 0.777544 0.707791 0.609504 0.494059 0.386682 0.303774 0.239417 0.184152 0.135802 0.0942424 0.057992 0.0260513 -0.00118507 -0.0241894 -0.0434813 -0.0592023 -0.0720178 -0.0818379 -0.0890723 -0.0932588 -0.0568385 0.584347 0.586849 0.587057 0.585357 0.58863 0.593209 0.604924 0.606505 0.602878 0.594026 0.596794 0.635637 0.771633 0.930961 1 0.9779 0.943534 0.892009 0.811493 0.707084 0.597851 0.500329 0.413946 0.33504 0.264504 0.202738 0.147947 0.0991177 0.0573903 0.0217135 -0.00894989 -0.0347188 -0.0565984 -0.0743558 -0.0886469 -0.0984373 -0.0724589 0.42424 0.426706 0.426956 0.425389 0.4287 0.433397 0.445457 0.447406 0.443994 0.435049 0.43819 0.480292 0.634578 0.83916 0.9779 1 0.990285 0.960335 0.902881 0.818704 0.721927 0.62797 0.539211 0.455319 0.3789 0.310816 0.24944 0.193959 0.146 0.104326 0.0677287 0.0361827 0.00857359 -0.0147341 -0.0344738 -0.0492768 -0.059945 0.351997 0.3542 0.354481 0.353189 0.356223 0.360583 0.371783 0.373903 0.371045 0.362876 0.366094 0.407311 0.561796 0.777544 0.943534 0.990285 1 0.989596 0.953269 0.889136 0.808149 0.72455 0.641997 0.56163 0.486857 0.418928 0.35658 0.299271 0.248957 0.204425 0.164468 0.129188 0.0974688 0.0697973 0.0454452 0.025985 -0.0335467 0.287785 0.289696 0.289995 0.288971 0.291654 0.295555 0.305585 0.307747 0.305463 0.298271 0.30145 0.340454 0.489739 0.707791 0.892009 0.960335 0.989596 1 0.986755 0.945439 0.883741 0.814363 0.741911 0.668675 0.598668 0.533519 0.472423 0.415156 0.363964 0.317724 0.275295 0.23692 0.201524 0.169721 0.140821 0.116563 0.000427961 0.202925 0.204541 0.204849 0.204065 0.20636 0.209731 0.218422 0.220509 0.218768 0.212653 0.215699 0.251582 0.392519 0.609504 0.811493 0.902881 0.953269 0.986755 1 0.985723 0.947582 0.896146 0.837007 0.773758 0.711005 0.650748 0.592717 0.537044 0.486244 0.439318 0.395226 0.354365 0.315736 0.280079 0.246764 0.217677 0.0399328 0.113975 0.115288 0.115597 0.115035 0.1169 0.119665 0.12682 0.128713 0.127488 0.122566 0.125365 0.15703 0.285195 0.494059 0.707084 0.818704 0.889136 0.945439 0.985723 1 0.987697 0.956846 0.913806 0.863308 0.810384 0.757355 0.704521 0.652388 0.603667 0.557528 0.513076 0.47086 0.429995 0.391332 0.354329 0.320964 0.0821423 0.0477742 0.0487861 0.0490921 0.0487339 0.0501513 0.0522688 0.0577748 0.0593841 0.0586381 0.0549593 0.0574192 0.0840133 0.19517 0.386682 0.597851 0.721927 0.808149 0.883741 0.947582 0.987697 1 0.990112 0.964515 0.928512 0.887237 0.843242 0.797385 0.750519 0.705451 0.661567 0.618157 0.575904 0.534071 0.493592 0.454035 0.417399 0.123795 0.015985 0.0167206 0.0170239 0.0168457 0.0178359 0.0193249 0.0232161 0.0245006 0.0241733 0.0216846 0.0237603 0.0450043 0.136862 0.303774 0.500329 0.62797 0.72455 0.814363 0.896146 0.956846 0.990112 1 0.991903 0.971016 0.942233 0.908246 0.870432 0.829949 0.789616 0.749066 0.707803 0.666629 0.624961 0.583801 0.542828 0.504018 0.164683 0.00659873 0.00708996 0.00739135 0.00736737 0.00796754 0.00887434 0.0112607 0.0122082 0.0122345 0.0108357 0.0125152 0.0284932 0.10053 0.239417 0.413946 0.539211 0.641997 0.741911 0.837007 0.913806 0.964515 0.991903 1 0.993485 0.976816 0.952751 0.923115 0.889314 0.854117 0.817401 0.778887 0.739472 0.698729 0.6577 0.616179 0.576075 0.20031 0.00425937 0.00454378 0.00484343 0.00494547 0.0052057 0.00559896 0.00665378 0.00727491 0.00758501 0.00713751 0.00843633 0.0195403 0.0728633 0.184152 0.33504 0.455319 0.56163 0.668675 0.773758 0.863308 0.928512 0.971016 0.993485 1 0.994593 0.979911 0.958156 0.930937 0.90093 0.868244 0.832802 0.795575 0.756282 0.715987 0.674594 0.633921 0.23069 0.00312577 0.00324357 0.00354175 0.0037421 0.00372084 0.00368439 0.00362239 0.00394799 0.00447352 0.00481454 0.00577017 0.0126187 0.0494184 0.135802 0.264504 0.3789 0.486857 0.598668 0.711005 0.810384 0.887237 0.942233 0.976816 0.994593 1 0.994886 0.981283 0.960987 0.936565 0.908363 0.876509 0.842042 0.804827 0.765943 0.725392 0.684914 0.262565 0.00267548 0.00266161 0.00295857 0.00323432 0.00298514 0.00259726 0.00161951 0.00168594 0.00237018 0.00335024 0.00400438 0.00722239 0.029773 0.0942424 0.202738 0.310816 0.418928 0.533519 0.650748 0.757355 0.843242 0.908246 0.952751 0.979911 0.994886 1 0.995454 0.982944 0.964908 0.941963 0.914463 0.883528 0.849169 0.812483 0.773568 0.7341 0.300283 0.00262926 0.00250949 0.00280502 0.00313938 0.00270304 0.00202399 0.000285501 0.000123413 0.000925127 0.00242986 0.00281661 0.00289891 0.0130143 0.057992 0.147947 0.24944 0.35658 0.472423 0.592717 0.704521 0.797385 0.870432 0.923115 0.958156 0.981283 0.995454 1 0.995757 0.984577 0.967368 0.944725 0.917847 0.886893 0.852979 0.816293 0.778454 0.339647 0.00249982 0.00229475 0.00258839 0.00296802 0.00237825 0.00145842 -0.000910771 -0.00127325 -0.000386285 0.00154817 0.00169822 -0.000925366 -0.00164543 0.0260513 0.0991177 0.193959 0.299271 0.415156 0.537044 0.652388 0.750519 0.829949 0.889314 0.930937 0.960987 0.982944 0.995757 1 0.996015 0.984897 0.96749 0.945075 0.917963 0.88728 0.853307 0.817602 0.379396 0.0017454 0.00147472 0.00176572 0.00217817 0.00146911 0.000360609 -0.00250387 -0.00303245 -0.00208847 0.000179114 0.000130333 -0.00470988 -0.0143845 -0.00118507 0.0573903 0.146 0.248957 0.363964 0.486244 0.603667 0.705451 0.789616 0.854117 0.90093 0.936565 0.964908 0.984577 0.996015 1 0.996109 0.984982 0.968 0.945651 0.919077 0.888658 0.855893 0.424856 0.000952719 0.00063175 0.00091919 0.00135469 0.000553765 -0.000701212 -0.00395141 -0.00461712 -0.00363793 -0.00111516 -0.00133162 -0.00798954 -0.0250979 -0.0241894 0.0217135 0.104326 0.204425 0.317724 0.439318 0.557528 0.661567 0.749066 0.817401 0.868244 0.908363 0.941963 0.967368 0.984897 0.996109 1 0.996111 0.985452 0.968716 0.947058 0.920971 0.891887 0.474203 0.000549871 0.000190484 0.000473375 0.000924228 5.33246e-05 -0.00131433 -0.0048625 -0.00564155 -0.00464421 -0.00192868 -0.0022879 -0.0104451 -0.0337881 -0.0434813 -0.00894989 0.0677287 0.164468 0.275295 0.395226 0.513076 0.618157 0.707803 0.778887 0.832802 0.876509 0.914463 0.944725 0.96749 0.984982 0.996111 1 0.996318 0.985832 0.969709 0.948564 0.923745 0.524803 0.000514599 0.000127166 0.000404481 0.000863986 -5.72004e-05 -0.00150679 -0.00527292 -0.0061423 -0.00514096 -0.00228905 -0.00276678 -0.012122 -0.0405541 -0.0592023 -0.0347188 0.0361827 0.129188 0.23692 0.354365 0.47086 0.575904 0.666629 0.739472 0.795575 0.842042 0.883528 0.917847 0.945075 0.968 0.985452 0.996318 1 0.996422 0.986463 0.970875 0.950904 0.576068 0.000861465 0.00045429 0.000725033 0.00118771 0.000232243 -0.00127427 -0.0051933 -0.00613427 -0.00514056 -0.00219824 -0.00277521 -0.0130869 -0.0456976 -0.0720178 -0.0565984 0.00857359 0.0974688 0.201524 0.315736 0.429995 0.534071 0.624961 0.698729 0.756282 0.804827 0.849169 0.886893 0.917963 0.945651 0.968716 0.985832 0.996422 1 0.996581 0.986936 0.972195 0.625729 0.0015557 0.00113655 0.00139977 0.00186057 0.000886177 -0.000653032 -0.00466172 -0.00565499 -0.00467895 -0.00169034 -0.00234623 -0.0133683 -0.0492159 -0.0818379 -0.0743558 -0.0147341 0.0697973 0.169721 0.280079 0.391332 0.493592 0.583801 0.6577 0.715987 0.765943 0.812483 0.852979 0.88728 0.919077 0.947058 0.969709 0.986463 0.996581 1 0.996753 0.987676 0.674101 0.00266925 0.00224456 0.00249943 0.00295417 0.00197368 0.000422024 -0.00362351 -0.00465289 -0.00370291 -0.00070492 -0.0014229 -0.0129512 -0.0512596 -0.0890723 -0.0886469 -0.0344738 0.0454452 0.140821 0.246764 0.354329 0.454035 0.542828 0.616179 0.674594 0.725392 0.773568 0.816293 0.853307 0.888658 0.920971 0.948564 0.970875 0.986936 0.996753 1 0.99684 0.719647 0.0038558 0.00343282 0.00367841 0.00412245 0.00315075 0.00161049 -0.0024092 -0.00345397 -0.00253815 0.000426365 -0.000331061 -0.0121035 -0.0518419 -0.0932588 -0.0984373 -0.0492768 0.025985 0.116563 0.217677 0.320964 0.417399 0.504018 0.576075 0.633921 0.684914 0.7341 0.778454 0.817602 0.855893 0.891887 0.923745 0.950904 0.972195 0.987676 0.99684 1 0.764993 0.00317622 0.00300656 0.00314174 0.00333672 0.00292011 0.00223628 0.000422375 -0.000157542 0.00013863 0.00142926 0.000948863 -0.00534492 -0.028084 -0.0568385 -0.0724589 -0.059945 -0.0335467 0.000427961 0.0399328 0.0821423 0.123795 0.164683 0.20031 0.23069 0.262565 0.300283 0.339647 0.379396 0.424856 0.474203 0.524803 0.576068 0.625729 0.674101 0.719647 0.764993 1 
