1 0.947278 0.831135 0.445108 -0.128725 -0.358854 -0.42683 -0.438247 -0.462132 -0.474333 -0.458561 -0.441866 -0.416949 -0.327942 0.121253 0.330368 0.379312 0.414504 0.402243 0.347979 0.309615 0.283367 0.241362 0.19211 0.131312 0.0826932 0.0111342 -0.0836556 -0.155837 -0.207711 -0.252184 -0.283609 -0.290058 -0.278608 -0.255872 -0.226209 -0.168076 0.947278 1 0.942432 0.499399 -0.201641 -0.479834 -0.564346 -0.58035 -0.600242 -0.608643 -0.593357 -0.575993 -0.549498 -0.438401 0.125685 0.386692 0.447934 0.480699 0.48197 0.447687 0.415245 0.391192 0.356925 0.316357 0.26652 0.223056 0.163816 0.0821353 0.0122114 -0.0445812 -0.0925874 -0.136689 -0.157933 -0.161554 -0.156095 -0.142951 -0.115404 0.831135 0.942432 1 0.705166 -0.0140045 -0.338442 -0.443714 -0.464323 -0.47866 -0.48278 -0.468233 -0.455136 -0.436129 -0.354472 0.023508 0.215638 0.258467 0.284073 0.296177 0.274958 0.246348 0.225471 0.200478 0.169347 0.133825 0.101647 0.0653646 0.0211317 -0.0185543 -0.0529234 -0.0748811 -0.0927914 -0.0947851 -0.0849421 -0.0740304 -0.060584 -0.0357813 0.445108 0.499399 0.705166 1 0.679199 0.389487 0.269167 0.231578 0.210774 0.197504 0.200133 0.190858 0.171909 0.101261 -0.276898 -0.371339 -0.392053 -0.368166 -0.350799 -0.37689 -0.405059 -0.420691 -0.4379 -0.463803 -0.488868 -0.50427 -0.514109 -0.506831 -0.489433 -0.469988 -0.435031 -0.383966 -0.326717 -0.271028 -0.22841 -0.194668 -0.131989 -0.128725 -0.201641 -0.0140045 0.679199 1 0.933504 0.868387 0.832759 0.80917 0.786233 0.77381 0.749396 0.705757 0.523235 -0.39091 -0.716522 -0.790098 -0.779663 -0.775501 -0.805505 -0.823624 -0.8286 -0.838131 -0.85472 -0.867291 -0.863425 -0.856477 -0.827842 -0.781952 -0.731616 -0.670334 -0.589063 -0.509755 -0.440835 -0.387437 -0.346086 -0.266712 -0.358854 -0.479834 -0.338442 0.389487 0.933504 1 0.983246 0.960319 0.941925 0.92216 0.907575 0.881858 0.833986 0.634624 -0.359816 -0.736796 -0.827378 -0.8282 -0.834621 -0.864717 -0.875738 -0.8752 -0.879474 -0.887127 -0.890901 -0.878714 -0.864591 -0.828518 -0.774706 -0.716381 -0.651636 -0.567655 -0.488849 -0.422246 -0.369919 -0.330331 -0.255733 -0.42683 -0.564346 -0.443714 0.269167 0.868387 0.983246 1 0.990805 0.975818 0.959918 0.946425 0.92288 0.876147 0.674238 -0.3351 -0.730886 -0.828161 -0.836047 -0.851648 -0.883395 -0.88974 -0.885563 -0.885892 -0.889235 -0.888862 -0.875348 -0.85779 -0.813087 -0.750974 -0.686799 -0.61735 -0.526682 -0.443559 -0.375079 -0.321648 -0.281288 -0.207223 -0.438247 -0.58035 -0.464323 0.231578 0.832759 0.960319 0.990805 1 0.992895 0.978932 0.967267 0.946741 0.90459 0.704067 -0.320815 -0.729748 -0.832916 -0.848164 -0.869488 -0.902913 -0.908732 -0.904015 -0.90303 -0.903667 -0.899084 -0.883468 -0.860908 -0.808397 -0.737976 -0.665859 -0.587542 -0.488162 -0.399579 -0.327652 -0.27188 -0.229162 -0.152703 -0.462132 -0.600242 -0.47866 0.210774 0.80917 0.941925 0.975818 0.992895 1 0.993152 0.981738 0.963272 0.927938 0.734009 -0.310117 -0.737899 -0.846143 -0.865638 -0.886816 -0.917784 -0.923101 -0.917065 -0.912313 -0.908545 -0.89865 -0.878494 -0.847651 -0.784646 -0.707034 -0.628732 -0.542199 -0.435327 -0.342384 -0.267821 -0.212193 -0.171018 -0.098186 -0.474333 -0.608643 -0.48278 0.197504 0.786233 0.92216 0.959918 0.978932 0.993152 1 0.992989 0.973621 0.939484 0.750568 -0.29754 -0.736879 -0.850278 -0.874453 -0.896104 -0.924708 -0.930327 -0.924422 -0.917244 -0.910283 -0.895811 -0.872361 -0.834964 -0.76188 -0.677713 -0.595455 -0.503515 -0.389802 -0.291866 -0.213635 -0.156355 -0.115071 -0.0440802 -0.458561 -0.593357 -0.468233 0.200133 0.77381 0.907575 0.946425 0.967267 0.981738 0.992989 1 0.989104 0.952094 0.760587 -0.289303 -0.730559 -0.84429 -0.871633 -0.895086 -0.925908 -0.934112 -0.928881 -0.921261 -0.912658 -0.897314 -0.874842 -0.835791 -0.759323 -0.67158 -0.587193 -0.491369 -0.374129 -0.274944 -0.19516 -0.134638 -0.0898211 -0.015315 -0.441866 -0.575993 -0.455136 0.190858 0.749396 0.881858 0.92288 0.946741 0.963272 0.973621 0.989104 1 0.977714 0.796548 -0.259392 -0.712109 -0.824329 -0.853947 -0.879197 -0.914062 -0.924652 -0.917464 -0.908653 -0.899472 -0.885006 -0.865503 -0.825955 -0.748167 -0.660648 -0.578035 -0.480835 -0.362927 -0.264792 -0.1845 -0.122876 -0.0760085 -0.000578546 -0.416949 -0.549498 -0.436129 0.171909 0.705757 0.833986 0.876147 0.90459 0.927938 0.939484 0.952094 0.977714 1 0.883357 -0.160403 -0.662784 -0.779318 -0.80873 -0.837506 -0.878443 -0.893867 -0.885916 -0.877076 -0.868229 -0.853192 -0.834912 -0.795288 -0.719458 -0.637637 -0.558153 -0.459585 -0.339573 -0.240614 -0.161015 -0.10312 -0.057724 0.0166065 -0.327942 -0.438401 -0.354472 0.101261 0.523235 0.634624 0.674238 0.704067 0.734009 0.750568 0.760587 0.796548 0.883357 1 0.259423 -0.363543 -0.542749 -0.591734 -0.620435 -0.668577 -0.702828 -0.706337 -0.707812 -0.70103 -0.685524 -0.675215 -0.64303 -0.581381 -0.522444 -0.462175 -0.378083 -0.278618 -0.197454 -0.132217 -0.0913042 -0.0562077 0.00132355 0.121253 0.125685 0.023508 -0.276898 -0.39091 -0.359816 -0.3351 -0.320815 -0.310117 -0.29754 -0.289303 -0.259392 -0.160403 0.259423 1 0.765264 0.56739 0.483907 0.448615 0.41152 0.363824 0.329979 0.302108 0.298423 0.295883 0.278866 0.2514 0.207269 0.158601 0.114117 0.0754258 0.0305844 -0.00963442 -0.0403552 -0.0703537 -0.0877754 -0.115342 0.330368 0.386692 0.215638 -0.371339 -0.716522 -0.736796 -0.730886 -0.729748 -0.737899 -0.736879 -0.730559 -0.712109 -0.662784 -0.363543 0.765264 1 0.943233 0.875052 0.834061 0.814425 0.785146 0.75282 0.725785 0.718319 0.705925 0.679926 0.627371 0.536462 0.444178 0.360498 0.273393 0.173192 0.0841878 0.010976 -0.0431342 -0.0790413 -0.135313 0.379312 0.447934 0.258467 -0.392053 -0.790098 -0.827378 -0.828161 -0.832916 -0.846143 -0.850278 -0.84429 -0.824329 -0.779318 -0.542749 0.56739 0.943233 1 0.974012 0.937197 0.91726 0.894412 0.869736 0.847508 0.836439 0.817747 0.788332 0.730895 0.628093 0.523523 0.431043 0.333899 0.220661 0.120667 0.0368814 -0.0249666 -0.0672433 -0.132588 0.414504 0.480699 0.284073 -0.368166 -0.779663 -0.8282 -0.836047 -0.848164 -0.865638 -0.874453 -0.871633 -0.853947 -0.80873 -0.591734 0.483907 0.875052 0.974012 1 0.981739 0.951708 0.92374 0.901481 0.88085 0.864259 0.836149 0.800604 0.735067 0.6215 0.509395 0.411719 0.305746 0.182121 0.0780553 -0.00723222 -0.0698492 -0.11329 -0.179275 0.402243 0.48197 0.296177 -0.350799 -0.775501 -0.834621 -0.851648 -0.869488 -0.886816 -0.896104 -0.895086 -0.879197 -0.837506 -0.620435 0.448615 0.834061 0.937197 0.981739 1 0.9835 0.952816 0.931413 0.911863 0.892767 0.860658 0.82405 0.763205 0.650782 0.536162 0.435802 0.32853 0.197438 0.0872158 -9.94207e-05 -0.0643917 -0.1101 -0.183174 0.347979 0.447687 0.274958 -0.37689 -0.805505 -0.864717 -0.883395 -0.902913 -0.917784 -0.924708 -0.925908 -0.914062 -0.878443 -0.668577 0.41152 0.814425 0.91726 0.951708 0.9835 1 0.988388 0.972066 0.954277 0.937144 0.910931 0.882009 0.832929 0.732586 0.623601 0.52493 0.417801 0.284922 0.171489 0.0805448 0.0116945 -0.0393654 -0.123271 0.309615 0.415245 0.246348 -0.405059 -0.823624 -0.875738 -0.88974 -0.908732 -0.923101 -0.930327 -0.934112 -0.924652 -0.893867 -0.702828 0.363824 0.785146 0.894412 0.92374 0.952816 0.988388 1 0.99361 0.978748 0.962123 0.938727 0.915087 0.871656 0.779691 0.677292 0.582033 0.474685 0.342709 0.230165 0.138228 0.0680975 0.0146904 -0.0729714 0.283367 0.391192 0.225471 -0.420691 -0.8286 -0.8752 -0.885563 -0.904015 -0.917065 -0.924422 -0.928881 -0.917464 -0.885916 -0.706337 0.329979 0.75282 0.869736 0.901481 0.931413 0.972066 0.99361 1 0.993082 0.97688 0.951178 0.927161 0.886839 0.799083 0.699836 0.606396 0.499596 0.36744 0.255457 0.163898 0.0940489 0.0404023 -0.0488023 0.241362 0.356925 0.200478 -0.4379 -0.838131 -0.879474 -0.885892 -0.90303 -0.912313 -0.917244 -0.921261 -0.908653 -0.877076 -0.707812 0.302108 0.725785 0.847508 0.88085 0.911863 0.954277 0.978748 0.993082 1 0.992369 0.96926 0.944795 0.907581 0.827776 0.735243 0.646837 0.544098 0.415975 0.305316 0.212505 0.140695 0.0849287 -0.00859465 0.19211 0.316357 0.169347 -0.463803 -0.85472 -0.887127 -0.889235 -0.903667 -0.908545 -0.910283 -0.912658 -0.899472 -0.868229 -0.70103 0.298423 0.718319 0.836439 0.864259 0.892767 0.937144 0.962123 0.97688 0.992369 1 0.989631 0.969105 0.934999 0.863301 0.778243 0.695526 0.598329 0.4762 0.36687 0.271956 0.197506 0.139042 0.0402512 0.131312 0.26652 0.133825 -0.488868 -0.867291 -0.890901 -0.888862 -0.899084 -0.89865 -0.895811 -0.897314 -0.885006 -0.853192 -0.685524 0.295883 0.705925 0.817747 0.836149 0.860658 0.910931 0.938727 0.951178 0.96926 0.989631 1 0.991923 0.966117 0.905649 0.830171 0.755114 0.666461 0.552219 0.444926 0.348755 0.272814 0.212166 0.108032 0.0826932 0.223056 0.101647 -0.50427 -0.863425 -0.878714 -0.875348 -0.883468 -0.878494 -0.872361 -0.874842 -0.865503 -0.834912 -0.675215 0.278866 0.679926 0.788332 0.800604 0.82405 0.882009 0.915087 0.927161 0.944795 0.969105 0.991923 1 0.986687 0.935174 0.865705 0.795728 0.711771 0.600426 0.493737 0.398127 0.323842 0.263138 0.156756 0.0111342 0.163816 0.0653646 -0.514109 -0.856477 -0.864591 -0.85779 -0.860908 -0.847651 -0.834964 -0.835791 -0.825955 -0.795288 -0.64303 0.2514 0.627371 0.730895 0.735067 0.763205 0.832929 0.871656 0.886839 0.907581 0.934999 0.966117 0.986687 1 0.976089 0.921698 0.859986 0.786293 0.682059 0.579473 0.48834 0.416992 0.35699 0.247 -0.0836556 0.0821353 0.0211317 -0.506831 -0.827842 -0.828518 -0.813087 -0.808397 -0.784646 -0.76188 -0.759323 -0.748167 -0.719458 -0.581381 0.207269 0.536462 0.628093 0.6215 0.650782 0.732586 0.779691 0.799083 0.827776 0.863301 0.905649 0.935174 0.976089 1 0.981359 0.940917 0.88362 0.797168 0.707834 0.628292 0.563436 0.506753 0.397442 -0.155837 0.0122114 -0.0185543 -0.489433 -0.781952 -0.774706 -0.750974 -0.737976 -0.707034 -0.677713 -0.67158 -0.660648 -0.637637 -0.522444 0.158601 0.444178 0.523523 0.509395 0.536162 0.623601 0.677292 0.699836 0.735243 0.778243 0.830171 0.865705 0.921698 0.981359 1 0.986309 0.947125 0.878538 0.803473 0.735948 0.67906 0.627788 0.524837 -0.207711 -0.0445812 -0.0529234 -0.469988 -0.731616 -0.716381 -0.686799 -0.665859 -0.628732 -0.595455 -0.587193 -0.578035 -0.558153 -0.462175 0.114117 0.360498 0.431043 0.411719 0.435802 0.52493 0.582033 0.606396 0.646837 0.695526 0.755114 0.795728 0.859986 0.940917 0.986309 1 0.982976 0.932351 0.869005 0.810362 0.760168 0.714026 0.619105 -0.252184 -0.0925874 -0.0748811 -0.435031 -0.670334 -0.651636 -0.61735 -0.587542 -0.542199 -0.503515 -0.491369 -0.480835 -0.459585 -0.378083 0.0754258 0.273393 0.333899 0.305746 0.32853 0.417801 0.474685 0.499596 0.544098 0.598329 0.666461 0.711771 0.786293 0.88362 0.947125 0.982976 1 0.978528 0.932028 0.882727 0.837055 0.794403 0.704861 -0.283609 -0.136689 -0.0927914 -0.383966 -0.589063 -0.567655 -0.526682 -0.488162 -0.435327 -0.389802 -0.374129 -0.362927 -0.339573 -0.278618 0.0305844 0.173192 0.220661 0.182121 0.197438 0.284922 0.342709 0.36744 0.415975 0.4762 0.552219 0.600426 0.682059 0.797168 0.878538 0.932351 0.978528 1 0.984688 0.952956 0.916053 0.878596 0.799869 -0.290058 -0.157933 -0.0947851 -0.326717 -0.509755 -0.488849 -0.443559 -0.399579 -0.342384 -0.291866 -0.274944 -0.264792 -0.240614 -0.197454 -0.00963442 0.0841878 0.120667 0.0780553 0.0872158 0.171489 0.230165 0.255457 0.305316 0.36687 0.444926 0.493737 0.579473 0.707834 0.803473 0.869005 0.932028 0.984688 1 0.989368 0.964196 0.933142 0.866334 -0.278608 -0.161554 -0.0849421 -0.271028 -0.440835 -0.422246 -0.375079 -0.327652 -0.267821 -0.213635 -0.19516 -0.1845 -0.161015 -0.132217 -0.0403552 0.010976 0.0368814 -0.00723222 -9.94207e-05 0.0805448 0.138228 0.163898 0.212505 0.271956 0.348755 0.398127 0.48834 0.628292 0.735948 0.810362 0.882727 0.952956 0.989368 1 0.991015 0.970497 0.91784 -0.255872 -0.156095 -0.0740304 -0.22841 -0.387437 -0.369919 -0.321648 -0.27188 -0.212193 -0.156355 -0.134638 -0.122876 -0.10312 -0.0913042 -0.0703537 -0.0431342 -0.0249666 -0.0698492 -0.0643917 0.0116945 0.0680975 0.0940489 0.140695 0.197506 0.272814 0.323842 0.416992 0.563436 0.67906 0.760168 0.837055 0.916053 0.964196 0.991015 1 0.993292 0.958504 -0.226209 -0.142951 -0.060584 -0.194668 -0.346086 -0.330331 -0.281288 -0.229162 -0.171018 -0.115071 -0.0898211 -0.0760085 -0.057724 -0.0562077 -0.0877754 -0.0790413 -0.0672433 -0.11329 -0.1101 -0.0393654 0.0146904 0.0404023 0.0849287 0.139042 0.212166 0.263138 0.35699 0.506753 0.627788 0.714026 0.794403 0.878596 0.933142 0.970497 0.993292 1 0.983533 -0.168076 -0.115404 -0.0357813 -0.131989 -0.266712 -0.255733 -0.207223 -0.152703 -0.098186 -0.0440802 -0.015315 -0.000578546 0.0166065 0.00132355 -0.115342 -0.135313 -0.132588 -0.179275 -0.183174 -0.123271 -0.0729714 -0.0488023 -0.00859465 0.0402512 0.108032 0.156756 0.247 0.397442 0.524837 0.619105 0.704861 0.799869 0.866334 0.91784 0.958504 0.983533 1 
