1 0.695686 0.545574 0.217318 -0.0677403 -0.221917 -0.283365 -0.298708 -0.315144 -0.316836 -0.296015 -0.262138 -0.202838 -0.100767 0.0297673 0.122696 0.178435 0.211725 0.223057 0.21483 0.20093 0.18385 0.156899 0.123956 0.0842538 0.051558 0.00675321 -0.0513438 -0.0963817 -0.125863 -0.148624 -0.170113 -0.176105 -0.169303 -0.1509 -0.125733 -0.0789725 0.695686 1 0.694348 0.272319 -0.121071 -0.334539 -0.421788 -0.44524 -0.460726 -0.457729 -0.431221 -0.384516 -0.300749 -0.151552 0.0347031 0.161548 0.237032 0.276203 0.30065 0.310908 0.303139 0.285509 0.261001 0.229621 0.192367 0.156443 0.111769 0.0567073 0.00849588 -0.0303882 -0.0613819 -0.0922292 -0.107863 -0.110434 -0.103555 -0.0893803 -0.0609973 0.545574 0.694348 1 0.343309 -0.00718047 -0.210716 -0.296217 -0.318195 -0.328179 -0.324302 -0.303951 -0.271405 -0.213226 -0.109461 0.00580002 0.0804745 0.122178 0.145807 0.165039 0.170575 0.16065 0.146999 0.130956 0.1098 0.0862845 0.0636838 0.0398383 0.0130328 -0.0115313 -0.0322251 -0.0443459 -0.0559287 -0.0578277 -0.0518684 -0.0438717 -0.0338381 -0.016894 0.217318 0.272319 0.343309 1 0.270443 0.179585 0.132925 0.117378 0.106897 0.0982015 0.0961436 0.0841499 0.0621202 0.0231127 -0.0504596 -0.102397 -0.136938 -0.139633 -0.144441 -0.172768 -0.195186 -0.202668 -0.211365 -0.222208 -0.232909 -0.233452 -0.231533 -0.230975 -0.224764 -0.211462 -0.190371 -0.171009 -0.147288 -0.122291 -0.10002 -0.0803421 -0.0460489 -0.0677403 -0.121071 -0.00718047 0.270443 1 0.475972 0.474398 0.466953 0.453951 0.432227 0.411072 0.365603 0.282263 0.132174 -0.0788602 -0.218723 -0.305497 -0.327336 -0.353473 -0.408752 -0.43934 -0.441885 -0.447829 -0.453307 -0.457405 -0.442488 -0.426988 -0.41763 -0.397517 -0.364394 -0.324724 -0.290423 -0.254389 -0.22019 -0.187809 -0.158116 -0.103008 -0.221917 -0.334539 -0.210716 0.179585 0.475972 1 0.622164 0.623718 0.612071 0.587174 0.558431 0.49834 0.386365 0.185697 -0.0840838 -0.260531 -0.370575 -0.402781 -0.440667 -0.50829 -0.541119 -0.540653 -0.544339 -0.545005 -0.544267 -0.521639 -0.499295 -0.484164 -0.456204 -0.413312 -0.365658 -0.32419 -0.282591 -0.244306 -0.207715 -0.174818 -0.11441 -0.283365 -0.421788 -0.296217 0.132925 0.474398 0.622164 1 0.689578 0.679479 0.654952 0.624008 0.558855 0.434957 0.211413 -0.0839156 -0.276947 -0.397485 -0.435711 -0.481853 -0.55645 -0.589136 -0.586224 -0.587572 -0.585416 -0.581903 -0.556849 -0.530836 -0.509167 -0.473893 -0.424617 -0.371223 -0.322328 -0.274769 -0.232554 -0.193543 -0.159522 -0.099345 -0.298708 -0.44524 -0.318195 0.117378 0.466953 0.623718 0.689578 1 0.709648 0.685583 0.65461 0.588463 0.460952 0.226604 -0.0824626 -0.283828 -0.410338 -0.453714 -0.504955 -0.583783 -0.617622 -0.614263 -0.614776 -0.610648 -0.604159 -0.576875 -0.546853 -0.519617 -0.478005 -0.422556 -0.362641 -0.306653 -0.254071 -0.208521 -0.167922 -0.133397 -0.0751432 -0.315144 -0.460726 -0.328179 0.106897 0.453951 0.612071 0.679479 0.709648 1 0.695881 0.664727 0.59903 0.473079 0.236356 -0.0797517 -0.287138 -0.417057 -0.463287 -0.515269 -0.593687 -0.627693 -0.623434 -0.621398 -0.614244 -0.604161 -0.573906 -0.538695 -0.504596 -0.458186 -0.39919 -0.334817 -0.273596 -0.21781 -0.170527 -0.131121 -0.0995995 -0.0483398 -0.316836 -0.457729 -0.324302 0.0982015 0.432227 0.587174 0.654952 0.685583 0.695881 1 0.658811 0.593274 0.46932 0.23682 -0.074976 -0.280965 -0.410655 -0.458579 -0.51018 -0.586119 -0.619866 -0.615779 -0.612174 -0.603024 -0.590123 -0.558422 -0.519945 -0.480087 -0.43034 -0.370447 -0.304667 -0.240051 -0.181933 -0.133286 -0.0946712 -0.0656667 -0.0212648 -0.296015 -0.431221 -0.303951 0.0961436 0.411072 0.558431 0.624008 0.65461 0.664727 0.658811 1 0.58242 0.45961 0.231904 -0.0704466 -0.26918 -0.394037 -0.441714 -0.492447 -0.567125 -0.601438 -0.597922 -0.594159 -0.584247 -0.571216 -0.54116 -0.502941 -0.462371 -0.412091 -0.353011 -0.28731 -0.222643 -0.165616 -0.117661 -0.0787777 -0.0495323 -0.00713945 -0.262138 -0.384516 -0.271405 0.0841499 0.365603 0.49834 0.558855 0.588463 0.59903 0.593274 0.58242 1 0.433488 0.223062 -0.0580125 -0.240985 -0.353349 -0.397462 -0.44426 -0.514214 -0.546799 -0.542413 -0.538239 -0.52885 -0.517439 -0.491725 -0.456492 -0.418427 -0.372325 -0.319167 -0.258224 -0.198365 -0.146494 -0.102163 -0.0660325 -0.0384972 -0.000247767 -0.202838 -0.300749 -0.213226 0.0621202 0.282263 0.386365 0.434957 0.460952 0.473079 0.46932 0.45961 0.433488 1 0.2028 -0.0294101 -0.18388 -0.273864 -0.308593 -0.346943 -0.405135 -0.433351 -0.42939 -0.425924 -0.418502 -0.408957 -0.388876 -0.360345 -0.329871 -0.294608 -0.25266 -0.202341 -0.152159 -0.109132 -0.0730942 -0.0454312 -0.0239685 0.00582903 -0.100767 -0.151552 -0.109461 0.0231127 0.132174 0.185697 0.211413 0.226604 0.236356 0.23682 0.231904 0.223062 0.2028 1 0.030043 -0.0637039 -0.120467 -0.142613 -0.162336 -0.194754 -0.215211 -0.216232 -0.217101 -0.213427 -0.20754 -0.198638 -0.184024 -0.168364 -0.152461 -0.132141 -0.105137 -0.0788537 -0.056565 -0.03791 -0.0254068 -0.0147411 0.000293334 0.0297673 0.0347031 0.00580002 -0.0504596 -0.0788602 -0.0840838 -0.0839156 -0.0824626 -0.0797517 -0.074976 -0.0704466 -0.0580125 -0.0294101 0.030043 1 0.107097 0.100578 0.0931423 0.0937444 0.0957368 0.0889734 0.0806767 0.0740046 0.07256 0.0715406 0.0655193 0.0574594 0.0479374 0.036964 0.0260577 0.016751 0.00691298 -0.00220425 -0.00924099 -0.0156351 -0.0183848 -0.0204228 0.122696 0.161548 0.0804745 -0.102397 -0.218723 -0.260531 -0.276947 -0.283828 -0.287138 -0.280965 -0.26918 -0.240985 -0.18388 -0.0637039 0.107097 1 0.252999 0.254857 0.263722 0.286693 0.290534 0.278503 0.269019 0.264277 0.258267 0.24172 0.216969 0.18774 0.156642 0.124556 0.0918724 0.0592339 0.0291448 0.00380311 -0.0145048 -0.0250506 -0.036253 0.178435 0.237032 0.122178 -0.136938 -0.305497 -0.370575 -0.397485 -0.410338 -0.417057 -0.410655 -0.394037 -0.353349 -0.273864 -0.120467 0.100578 0.252999 1 0.359323 0.375352 0.408994 0.419221 0.407554 0.397903 0.389794 0.378955 0.354992 0.320175 0.27842 0.233854 0.188644 0.142125 0.0955932 0.0529126 0.0161869 -0.0106343 -0.0269943 -0.0449952 0.211725 0.276203 0.145807 -0.139633 -0.327336 -0.402781 -0.435711 -0.453714 -0.463287 -0.458579 -0.441714 -0.397462 -0.308593 -0.142613 0.0931423 0.254857 0.359323 1 0.426939 0.460776 0.470129 0.458687 0.449053 0.437328 0.420741 0.391461 0.34964 0.299144 0.247073 0.195652 0.141312 0.0856689 0.0371651 -0.00344657 -0.0323052 -0.0493828 -0.0660606 0.223057 0.30065 0.165039 -0.144441 -0.353473 -0.440667 -0.481853 -0.504955 -0.515269 -0.51018 -0.492447 -0.44426 -0.346943 -0.162336 0.0937444 0.263722 0.375352 0.426939 1 0.516948 0.526457 0.514504 0.504675 0.490442 0.470163 0.437433 0.394115 0.340064 0.282327 0.224832 0.164846 0.100828 0.0450832 -5.14209e-05 -0.0323316 -0.0521027 -0.073278 0.21483 0.310908 0.170575 -0.172768 -0.408752 -0.50829 -0.55645 -0.583783 -0.593687 -0.586119 -0.567125 -0.514214 -0.405135 -0.194754 0.0957368 0.286693 0.408994 0.460776 0.516948 1 0.607991 0.597803 0.587994 0.573156 0.554012 0.521252 0.478857 0.426187 0.365578 0.3015 0.233394 0.161992 0.0986894 0.0463935 0.0065373 -0.0207397 -0.0549019 0.20093 0.303139 0.16065 -0.195186 -0.43934 -0.541119 -0.589136 -0.617622 -0.627693 -0.619866 -0.601438 -0.546799 -0.433351 -0.215211 0.0889734 0.290534 0.419221 0.470129 0.526457 0.607991 1 0.642332 0.633943 0.618554 0.600142 0.568483 0.526773 0.47681 0.417379 0.351411 0.278745 0.204821 0.139238 0.0836944 0.0400153 0.00813587 -0.0341633 0.18385 0.285509 0.146999 -0.202668 -0.441885 -0.540653 -0.586224 -0.614263 -0.623434 -0.615779 -0.597922 -0.542413 -0.42939 -0.216232 0.0806767 0.278503 0.407554 0.458687 0.514504 0.597803 0.642332 1 0.643067 0.627886 0.607952 0.575842 0.535816 0.488548 0.431165 0.366029 0.293301 0.219547 0.154499 0.0992125 0.0552511 0.0223701 -0.0228422 0.156899 0.261001 0.130956 -0.211365 -0.447829 -0.544339 -0.587572 -0.614776 -0.621398 -0.612174 -0.594159 -0.538239 -0.425924 -0.217101 0.0740046 0.269019 0.397903 0.449053 0.504675 0.587994 0.633943 0.643067 1 0.63907 0.620702 0.587924 0.549404 0.507065 0.453851 0.391192 0.320042 0.249025 0.18501 0.128884 0.0828137 0.0471143 -0.00403038 0.123956 0.229621 0.1098 -0.222208 -0.453307 -0.545005 -0.585416 -0.610648 -0.614244 -0.603024 -0.584247 -0.52885 -0.418502 -0.213427 0.07256 0.264277 0.389794 0.437328 0.490442 0.573156 0.618554 0.627886 0.63907 1 0.629049 0.59858 0.561805 0.524905 0.476833 0.417519 0.349332 0.282965 0.220661 0.163717 0.115391 0.0765616 0.0187365 0.0842538 0.192367 0.0862845 -0.232909 -0.457405 -0.544267 -0.581903 -0.604159 -0.604161 -0.590123 -0.571216 -0.517439 -0.408957 -0.20754 0.0715406 0.258267 0.378955 0.420741 0.470163 0.554012 0.600142 0.607952 0.620702 0.629049 1 0.609252 0.577261 0.547579 0.505808 0.450758 0.386937 0.326304 0.266114 0.208779 0.158499 0.116174 0.0500064 0.051558 0.156443 0.0636838 -0.233452 -0.442488 -0.521639 -0.556849 -0.576875 -0.573906 -0.558422 -0.54116 -0.491725 -0.388876 -0.198638 0.0655193 0.24172 0.354992 0.391461 0.437433 0.521252 0.568483 0.575842 0.587924 0.59858 0.609252 1 0.572878 0.549439 0.512541 0.461568 0.401556 0.344756 0.286957 0.231594 0.182824 0.14001 0.0705082 0.00675321 0.111769 0.0398383 -0.231533 -0.426988 -0.499295 -0.530836 -0.546853 -0.538695 -0.519945 -0.502941 -0.456492 -0.360345 -0.184024 0.0574594 0.216969 0.320175 0.34964 0.394115 0.478857 0.526773 0.535816 0.549404 0.561805 0.577261 0.572878 1 0.557879 0.530848 0.485273 0.431533 0.380976 0.327625 0.276344 0.229007 0.184779 0.108078 -0.0513438 0.0567073 0.0130328 -0.230975 -0.41763 -0.484164 -0.509167 -0.519617 -0.504596 -0.480087 -0.462371 -0.418427 -0.329871 -0.168364 0.0479374 0.18774 0.27842 0.299144 0.340064 0.426187 0.47681 0.488548 0.507065 0.524905 0.547579 0.549439 0.557879 1 0.571945 0.537267 0.490727 0.450577 0.404967 0.359777 0.31312 0.265422 0.175977 -0.0963817 0.00849588 -0.0115313 -0.224764 -0.397517 -0.456204 -0.473893 -0.478005 -0.458186 -0.43034 -0.412091 -0.372325 -0.294608 -0.152461 0.036964 0.156642 0.233854 0.247073 0.282327 0.365578 0.417379 0.431165 0.453851 0.476833 0.505808 0.512541 0.530848 0.571945 1 0.567523 0.530045 0.500394 0.463224 0.42467 0.380282 0.331349 0.234173 -0.125863 -0.0303882 -0.0322251 -0.211462 -0.364394 -0.413312 -0.424617 -0.422556 -0.39919 -0.370447 -0.353011 -0.319167 -0.25266 -0.132141 0.0260577 0.124556 0.188644 0.195652 0.224832 0.3015 0.351411 0.366029 0.391192 0.417519 0.450758 0.461568 0.485273 0.537267 0.567523 1 0.538965 0.520287 0.490856 0.458138 0.417081 0.369232 0.270639 -0.148624 -0.0613819 -0.0443459 -0.190371 -0.324724 -0.365658 -0.371223 -0.362641 -0.334817 -0.304667 -0.28731 -0.258224 -0.202341 -0.105137 0.016751 0.0918724 0.142125 0.141312 0.164846 0.233394 0.278745 0.293301 0.320042 0.349332 0.386937 0.401556 0.431533 0.490727 0.530045 0.538965 1 0.531095 0.512031 0.485376 0.446683 0.399541 0.299685 -0.170113 -0.0922292 -0.0559287 -0.171009 -0.290423 -0.32419 -0.322328 -0.306653 -0.273596 -0.240051 -0.222643 -0.198365 -0.152159 -0.0788537 0.00691298 0.0592339 0.0955932 0.0856689 0.100828 0.161992 0.204821 0.219547 0.249025 0.282965 0.326304 0.344756 0.380976 0.450577 0.500394 0.520287 0.531095 1 0.550569 0.533299 0.497522 0.449734 0.346119 -0.176105 -0.107863 -0.0578277 -0.147288 -0.254389 -0.282591 -0.274769 -0.254071 -0.21781 -0.181933 -0.165616 -0.146494 -0.109132 -0.056565 -0.00220425 0.0291448 0.0529126 0.0371651 0.0450832 0.0986894 0.139238 0.154499 0.18501 0.220661 0.266114 0.286957 0.327625 0.404967 0.463224 0.490856 0.512031 0.550569 1 0.560433 0.530061 0.483484 0.379456 -0.169303 -0.110434 -0.0518684 -0.122291 -0.22019 -0.244306 -0.232554 -0.208521 -0.170527 -0.133286 -0.117661 -0.102163 -0.0730942 -0.03791 -0.00924099 0.00380311 0.0161869 -0.00344657 -5.14209e-05 0.0463935 0.0836944 0.0992125 0.128884 0.163717 0.208779 0.231594 0.276344 0.359777 0.42467 0.458138 0.485376 0.533299 0.560433 1 0.545286 0.503284 0.402372 -0.1509 -0.103555 -0.0438717 -0.10002 -0.187809 -0.207715 -0.193543 -0.167922 -0.131121 -0.0946712 -0.0787777 -0.0660325 -0.0454312 -0.0254068 -0.0156351 -0.0145048 -0.0106343 -0.0323052 -0.0323316 0.0065373 0.0400153 0.0552511 0.0828137 0.115391 0.158499 0.182824 0.229007 0.31312 0.380282 0.417081 0.446683 0.497522 0.530061 0.545286 1 0.499908 0.407802 -0.125733 -0.0893803 -0.0338381 -0.0803421 -0.158116 -0.174818 -0.159522 -0.133397 -0.0995995 -0.0656667 -0.0495323 -0.0384972 -0.0239685 -0.0147411 -0.0183848 -0.0250506 -0.0269943 -0.0493828 -0.0521027 -0.0207397 0.00813587 0.0223701 0.0471143 0.0765616 0.116174 0.14001 0.184779 0.265422 0.331349 0.369232 0.399541 0.449734 0.483484 0.503284 0.499908 1 0.394385 -0.0789725 -0.0609973 -0.016894 -0.0460489 -0.103008 -0.11441 -0.099345 -0.0751432 -0.0483398 -0.0212648 -0.00713945 -0.000247767 0.00582903 0.000293334 -0.0204228 -0.036253 -0.0449952 -0.0660606 -0.073278 -0.0549019 -0.0341633 -0.0228422 -0.00403038 0.0187365 0.0500064 0.0705082 0.108078 0.175977 0.234173 0.270639 0.299685 0.346119 0.379456 0.402372 0.407802 0.394385 1 
