9.13599 4.92945 4.09138 3.89175 4.11272 4.49482 5.00102 5.54656 6.08525 6.60804 7.11008 7.58713 8.03503 8.45019 8.82941 9.16961 9.46829 9.72316 9.93253 10.0947 10.2087 10.2736 10.2891 10.2551 10.1718 10.04 9.86061 9.63501 9.36496 9.05252 8.70015 8.31063 7.88714 7.43318 6.95264 6.44975 38.3247 4.92945 2.65976 2.20757 2.09985 2.21908 2.42525 2.69837 2.99273 3.28338 3.56546 3.83634 4.09374 4.33541 4.55942 4.76403 4.94759 5.10875 5.24627 5.35924 5.44674 5.50824 5.54328 5.55163 5.53328 5.48835 5.41723 5.32043 5.19871 5.053 4.88442 4.69429 4.48412 4.25562 4.01068 3.7514 3.48005 20.6786 4.09138 2.20757 1.83225 1.74285 1.84181 2.01292 2.23962 2.48393 2.72516 2.95929 3.18412 3.39776 3.59834 3.78426 3.95409 4.10644 4.2402 4.35434 4.4481 4.52072 4.57177 4.60085 4.60779 4.59255 4.55526 4.49623 4.41589 4.31486 4.19393 4.05401 3.8962 3.72176 3.53211 3.32881 3.11361 2.8884 17.163 3.89175 2.09985 1.74285 1.65781 1.75194 1.9147 2.13034 2.36272 2.59219 2.81489 3.02875 3.23196 3.42276 3.59961 3.76115 3.90607 4.0333 4.14187 4.23106 4.30014 4.34869 4.37636 4.38295 4.36846 4.33299 4.27684 4.20042 4.10432 3.98929 3.85619 3.70609 3.54016 3.35976 3.16639 2.96168 2.74746 16.3255 4.11272 2.21908 1.84181 1.75194 1.85141 2.02342 2.25129 2.49688 2.73938 2.97472 3.20072 3.41547 3.6171 3.80399 3.97471 4.12785 4.26231 4.37704 4.4713 4.5443 4.59561 4.62485 4.63181 4.6165 4.57902 4.51968 4.43892 4.33736 4.2158 4.07515 3.91652 3.74117 3.55053 3.34617 3.12985 2.90346 17.2525 4.49482 2.42525 2.01292 1.9147 2.02342 2.21141 2.46046 2.72886 2.99388 3.25109 3.49809 3.7328 3.95316 4.15741 4.34398 4.51136 4.65831 4.7837 4.88671 4.9665 5.02258 5.05453 5.06214 5.0454 5.00444 4.93959 4.85133 4.74033 4.60747 4.45376 4.28039 4.08875 3.8804 3.65705 3.42063 3.17321 18.8554 5.00102 2.69837 2.23962 2.13034 2.25129 2.46046 2.73755 3.03618 3.33105 3.61723 3.89204 4.15318 4.39836 4.62562 4.8332 5.01942 5.18292 5.32244 5.43705 5.52582 5.58821 5.62376 5.63223 5.61361 5.56804 5.49588 5.39768 5.27418 5.12636 4.95533 4.76244 4.54922 4.3174 4.06891 3.80586 3.53058 20.9788 5.54656 2.99273 2.48393 2.36272 2.49688 2.72886 3.03618 3.36738 3.69442 4.01182 4.31661 4.60623 4.87816 5.1302 5.36043 5.56697 5.74831 5.90304 6.03015 6.1286 6.19781 6.23724 6.24663 6.22597 6.17543 6.0954 5.98648 5.84952 5.68557 5.49589 5.28196 5.04548 4.78837 4.51277 4.22102 3.91571 23.2673 6.08525 3.28338 2.72516 2.59219 2.73938 2.99388 3.33105 3.69442 4.05322 4.40144 4.73584 5.05359 5.35192 5.62845 5.88104 6.10764 6.30658 6.47634 6.6158 6.72381 6.79974 6.843 6.8533 6.83064 6.77519 6.68738 6.56789 6.41763 6.23776 6.02965 5.79494 5.5355 5.25342 4.95105 4.63097 4.29601 25.5271 6.60804 3.56546 2.95929 2.81489 2.97472 3.25109 3.61723 4.01182 4.40144 4.77958 5.1427 5.48775 5.81172 6.112 6.38629 6.63236 6.8484 7.03274 7.18418 7.30147 7.38392 7.43089 7.44208 7.41748 7.35726 7.26191 7.13215 6.96898 6.77366 6.54767 6.2928 6.01106 5.70475 5.3764 5.02883 4.66509 27.7201 7.11008 3.83634 3.18412 3.02875 3.20072 3.49809 3.89204 4.31661 4.73584 5.1427 5.53341 5.90468 6.25325 6.57635 6.87148 7.13624 7.36869 7.56704 7.72999 7.85619 7.9449 7.99545 8.00749 7.98101 7.91622 7.81362 7.67401 7.49844 7.28828 7.04512 6.77089 6.46774 6.13816 5.78487 5.41089 5.01951 29.8261 7.58713 4.09374 3.39776 3.23196 3.41547 3.7328 4.15318 4.60623 5.05359 5.48775 5.90468 6.30085 6.67282 7.01759 7.33252 7.61505 7.8631 8.07475 8.24863 8.3833 8.47796 8.5319 8.54475 8.5165 8.44735 8.33788 8.1889 8.00155 7.77728 7.51781 7.22518 6.9017 6.55 6.173 5.77393 5.35629 31.8273 8.03503 4.33541 3.59834 3.42276 3.6171 3.95316 4.39836 4.87816 5.35192 5.81172 6.25325 6.67282 7.06674 7.43187 7.76539 8.0646 8.32729 8.55144 8.73558 8.8782 8.97845 9.03557 9.04918 9.01926 8.94604 8.8301 8.67232 8.47391 8.23641 7.96162 7.65171 7.30913 6.93667 6.53742 6.11479 5.6725 33.7062 8.45019 4.55942 3.78426 3.59961 3.80399 4.15741 4.62562 5.1302 5.62845 6.112 6.57635 7.01759 7.43187 7.81587 8.16662 8.48128 8.75755 8.99328 9.18694 9.33693 9.44236 9.50243 9.51674 9.48527 9.40827 9.28634 9.12041 8.91175 8.66197 8.37299 8.04706 7.68679 7.29508 6.8752 6.43073 5.96559 35.4478 8.82941 4.76403 3.95409 3.76115 3.97471 4.34398 4.8332 5.36043 5.88104 6.38629 6.87148 7.33252 7.76539 8.16662 8.53311 8.8619 9.15056 9.39687 9.59922 9.75594 9.8661 9.92887 9.94382 9.91094 9.83048 9.70308 9.52971 9.31168 9.0507 8.74874 8.40819 8.03175 7.62246 7.18374 6.71932 6.23331 37.0386 9.16961 4.94759 4.10644 3.90607 4.12785 4.51136 5.01942 5.56697 6.10764 6.63236 7.13624 7.61505 8.0646 8.48128 8.8619 9.20335 9.50313 9.75894 9.96908 10.1318 10.2462 10.3114 10.327 10.2928 10.2093 10.0769 9.89689 9.67046 9.39942 9.08584 8.73217 8.34121 7.91616 7.46053 6.97822 6.47348 38.4657 9.46829 5.10875 4.2402 4.0333 4.26231 4.65831 5.18292 5.74831 6.30658 6.8484 7.36869 7.8631 8.32729 8.75755 9.15056 9.50313 9.81268 10.0768 10.2938 10.4619 10.58 10.6473 10.6633 10.6281 10.5418 10.4052 10.2193 9.98546 9.7056 9.38179 9.0166 8.61292 8.17402 7.70355 7.20553 6.68434 39.7186 9.72316 5.24627 4.35434 4.14187 4.37704 4.7837 5.32244 5.90304 6.47634 7.03274 7.56704 8.07475 8.55144 8.99328 9.39687 9.75894 10.0768 10.3481 10.5709 10.7435 10.8648 10.9339 10.9504 10.9142 10.8256 10.6853 10.4943 10.2542 9.96685 9.63433 9.25931 8.84475 8.39404 7.91091 7.39948 6.86427 40.7878 9.93253 5.35924 4.4481 4.23106 4.4713 4.88671 5.43705 6.03015 6.6158 7.18418 7.72999 8.24863 8.73558 9.18694 9.59922 9.96908 10.2938 10.5709 10.7985 10.9748 11.0987 11.1694 11.1862 11.1492 11.0587 10.9154 10.7203 10.4751 10.1815 9.84179 9.45869 9.03521 8.57479 8.08126 7.55882 7.01208 41.6661 10.0947 5.44674 4.52072 4.30014 4.5443 4.9665 5.52582 6.1286 6.72381 7.30147 7.85619 8.3833 8.8782 9.33693 9.75594 10.1318 10.4619 10.7435 10.9748 11.154 11.28 11.3517 11.3688 11.3312 11.2392 11.0936 10.8954 10.6461 10.3477 10.0025 9.61312 9.18273 8.71479 8.2132 7.68223 7.12656 42.3463 10.2087 5.50824 4.57177 4.34869 4.59561 5.02258 5.58821 6.19781 6.79974 7.38392 7.9449 8.47796 8.97845 9.44236 9.8661 10.2462 10.58 10.8648 11.0987 11.28 11.4073 11.4799 11.4972 11.4592 11.3661 11.2188 11.0184 10.7663 10.4645 10.1154 9.72167 9.28642 8.8132 8.30594 7.76897 7.20704 42.8245 10.2736 5.54328 4.60085 4.37636 4.62485 5.05453 5.62376 6.23724 6.843 7.43089 7.99545 8.5319 9.03557 9.50243 9.92887 10.3114 10.6473 10.9339 11.1694 11.3517 11.4799 11.5529 11.5703 11.5321 11.4384 11.2902 11.0885 10.8348 10.5311 10.1798 9.78352 9.3455 8.86927 8.35878 7.8184 7.25288 43.097 10.2891 5.55163 4.60779 4.38295 4.63181 5.06214 5.63223 6.24663 6.8533 7.44208 8.00749 8.54475 9.04918 9.51674 9.94382 10.327 10.6633 10.9504 11.1862 11.3688 11.4972 11.5703 11.5878 11.5494 11.4557 11.3072 11.1052 10.8511 10.547 10.1951 9.79825 9.35957 8.88263 8.37137 7.83018 7.26381 43.1619 10.2551 5.53328 4.59255 4.36846 4.6165 5.0454 5.61361 6.22597 6.83064 7.41748 7.98101 8.5165 9.01926 9.48527 9.91094 10.2928 10.6281 10.9142 11.1492 11.3312 11.4592 11.5321 11.5494 11.5113 11.4178 11.2698 11.0685 10.8152 10.5121 10.1614 9.76585 9.32862 8.85325 8.34369 7.80428 7.23979 43.0191 10.1718 5.48835 4.55526 4.33299 4.57902 5.00444 5.56804 6.17543 6.77519 7.35726 7.91622 8.44735 8.94604 9.40827 9.83048 10.2093 10.5418 10.8256 11.0587 11.2392 11.3661 11.4384 11.4557 11.4178 11.3251 11.1783 10.9786 10.7274 10.4268 10.0789 9.68657 9.25289 8.78138 8.27595 7.74093 7.18102 42.6699 10.04 5.41723 4.49623 4.27684 4.51968 4.93959 5.49588 6.0954 6.68738 7.26191 7.81362 8.33788 8.8301 9.28634 9.70308 10.0769 10.4052 10.6853 10.9154 11.0936 11.2188 11.2902 11.3072 11.2698 11.1783 11.0335 10.8363 10.5884 10.2916 9.94828 9.56104 9.13298 8.66758 8.1687 7.64061 7.08795 42.1169 9.86061 5.32043 4.41589 4.20042 4.43892 4.85133 5.39768 5.98648 6.56789 7.13215 7.67401 8.1889 8.67232 9.12041 9.52971 9.89689 10.2193 10.4943 10.7203 10.8954 11.0184 11.0885 11.1052 11.0685 10.9786 10.8363 10.6427 10.3992 10.1077 9.77052 9.3902 8.96979 8.5127 8.02274 7.50408 6.9613 41.3644 9.63501 5.19871 4.31486 4.10432 4.33736 4.74033 5.27418 5.84952 6.41763 6.96898 7.49844 8.00155 8.47391 8.91175 9.31168 9.67046 9.98546 10.2542 10.4751 10.6461 10.7663 10.8348 10.8511 10.8152 10.7274 10.5884 10.3992 10.1613 9.87649 9.54698 9.17536 8.76457 8.31794 7.83919 7.3324 6.80204 40.418 9.36496 5.053 4.19393 3.98929 4.2158 4.60747 5.12636 5.68557 6.23776 6.77366 7.28828 7.77728 8.23641 8.66197 9.0507 9.39942 9.7056 9.96685 10.1815 10.3477 10.4645 10.5311 10.547 10.5121 10.4268 10.2916 10.1077 9.87649 9.59968 9.27941 8.9182 8.51892 8.08481 7.61948 7.12689 6.61139 39.2852 9.05252 4.88442 4.05401 3.85619 4.07515 4.45376 4.95533 5.49589 6.02965 6.54767 7.04512 7.51781 7.96162 8.37299 8.74874 9.08584 9.38179 9.63433 9.84179 10.0025 10.1154 10.1798 10.1951 10.1614 10.0789 9.94828 9.77052 9.54698 9.27941 8.96982 8.62067 8.23471 7.81508 7.36527 6.88912 6.39082 37.9745 8.70015 4.69429 3.8962 3.70609 3.91652 4.28039 4.76244 5.28196 5.79494 6.2928 6.77089 7.22518 7.65171 8.04706 8.40819 8.73217 9.0166 9.25931 9.45869 9.61312 9.72167 9.78352 9.79825 9.76585 9.68657 9.56104 9.3902 9.17536 8.9182 8.62067 8.2851 7.91417 7.51087 7.07857 6.62096 6.14205 36.4963 8.31063 4.48412 3.72176 3.54016 3.74117 4.08875 4.54922 5.04548 5.5355 6.01106 6.46774 6.9017 7.30913 7.68679 8.03175 8.34121 8.61292 8.84475 9.03521 9.18273 9.28642 9.3455 9.35957 9.32862 9.25289 9.13298 8.96979 8.76457 8.51892 8.23471 7.91417 7.55984 7.1746 6.76166 6.32453 5.86707 34.8624 7.88714 4.25562 3.53211 3.35976 3.55053 3.8804 4.3174 4.78837 5.25342 5.70475 6.13816 6.55 6.93667 7.29508 7.62246 7.91616 8.17402 8.39404 8.57479 8.71479 8.8132 8.86927 8.88263 8.85325 8.78138 8.66758 8.5127 8.31794 8.08481 7.81508 7.51087 7.1746 6.809 6.41709 6.00224 5.56809 33.0858 7.43318 4.01068 3.32881 3.16639 3.34617 3.65705 4.06891 4.51277 4.95105 5.3764 5.78487 6.173 6.53742 6.8752 7.18374 7.46053 7.70355 7.91091 8.08126 8.2132 8.30594 8.35878 8.37137 8.34369 8.27595 8.1687 8.02274 7.83919 7.61948 7.36527 7.07857 6.76166 6.41709 6.04775 5.65677 5.24761 31.1815 6.95264 3.7514 3.11361 2.96168 3.12985 3.42063 3.80586 4.22102 4.63097 5.02883 5.41089 5.77393 6.11479 6.43073 6.71932 6.97822 7.20553 7.39948 7.55882 7.68223 7.76897 7.8184 7.83018 7.80428 7.74093 7.64061 7.50408 7.3324 7.12689 6.88912 6.62096 6.32453 6.00224 5.65677 5.29107 4.90836 29.1657 6.44975 3.48005 2.8884 2.74746 2.90346 3.17321 3.53058 3.91571 4.29601 4.66509 5.01951 5.35629 5.6725 5.96559 6.23331 6.47348 6.68434 6.86427 7.01208 7.12656 7.20704 7.25288 7.26381 7.23979 7.18102 7.08795 6.9613 6.80204 6.61139 6.39082 6.14205 5.86707 5.56809 5.24761 4.90836 4.55333 27.0561 38.3247 20.6786 17.163 16.3255 17.2525 18.8554 20.9788 23.2673 25.5271 27.7201 29.8261 31.8273 33.7062 35.4478 37.0386 38.4657 39.7186 40.7878 41.6661 42.3463 42.8245 43.097 43.1619 43.0191 42.6699 42.1169 41.3644 40.418 39.2852 37.9745 36.4963 34.8624 33.0858 31.1815 29.1657 27.0561 160.768 
