7153.69 3471.63 2699.92 2099.76 1633 1270 987.693 768.139 597.389 464.596 361.32 281.003 218.539 169.96 132.179 102.797 79.9458 62.1756 48.3551 37.6055 29.2466 22.7451 17.6894 13.757 10.6994 8.32077 6.47106 5.0328 3.9141 3.04393 2.36738 1.84097 1.43176 1.11354 0.865972 0.6735 2.34088 3471.63 1684.76 1310.25 1019 792.484 616.323 479.32 372.772 289.908 225.465 175.346 136.369 106.055 82.4802 64.1453 49.8864 38.7971 30.1734 23.4663 18.2497 14.1932 11.038 8.58455 6.67615 5.19232 4.03801 3.14036 2.44238 1.89948 1.4772 1.14887 0.893408 0.694825 0.540395 0.42025 0.326844 1.13601 2699.92 1310.25 1019 792.484 616.323 479.321 372.772 289.909 225.465 175.346 136.368 106.055 82.4803 64.1457 49.8864 38.7972 30.1729 23.4661 18.25 14.1929 11.0382 8.58438 6.67629 5.1921 4.03812 3.1404 2.44229 1.89946 1.47725 1.14883 0.893487 0.694812 0.540372 0.420271 0.326832 0.25419 0.883486 2099.76 1019 792.484 616.323 479.321 372.773 289.909 225.465 175.346 136.369 106.055 82.4803 64.1458 49.8868 38.7972 30.173 23.4658 18.2499 14.1932 11.038 8.5845 6.67616 5.19222 4.03795 3.14048 2.44232 1.89939 1.47723 1.14887 0.893457 0.694874 0.540363 0.420253 0.326849 0.254181 0.197686 0.687096 1633 792.484 616.323 479.321 372.772 289.909 225.465 175.346 136.368 106.055 82.48 64.1458 49.8868 38.7974 30.173 23.4658 18.2495 14.1931 11.0382 8.58436 6.67625 5.19212 4.03804 3.14036 2.44239 1.89942 1.47718 1.14886 0.893488 0.69485 0.540411 0.420245 0.326835 0.254193 0.197679 0.153743 0.534361 1270 616.323 479.321 372.773 289.909 225.465 175.346 136.369 106.055 82.4802 64.1456 49.8868 38.7975 30.1732 23.4658 18.2496 14.1929 11.0381 8.58453 6.67615 5.19219 4.03796 3.14042 2.44229 1.89947 1.4772 1.14882 0.893479 0.694875 0.540392 0.420283 0.326829 0.254183 0.197689 0.153737 0.119567 0.415578 987.693 479.32 372.772 289.909 225.465 175.346 136.368 106.055 82.48 64.1456 49.8866 38.7974 30.1731 23.4659 18.2496 14.1929 11.0379 8.58444 6.67626 5.1921 4.03801 3.14036 2.44234 1.89939 1.47723 1.14883 0.893444 0.694867 0.540411 0.420268 0.326858 0.254178 0.19768 0.153744 0.119563 0.0929885 0.323199 768.139 372.772 289.909 225.465 175.346 136.369 106.055 82.4801 64.1456 49.8867 38.7973 30.1732 23.466 18.2497 14.1929 11.0379 8.5843 6.67621 5.1922 4.03795 3.1404 2.44229 1.89943 1.47717 1.14886 0.893456 0.694841 0.540405 0.420283 0.326847 0.254201 0.197677 0.153738 0.119569 0.0929851 0.0723181 0.251355 597.389 289.908 225.465 175.346 136.368 106.055 82.48 64.1456 49.8866 38.7973 30.173 23.466 18.2497 14.193 11.0379 8.58432 6.67609 5.19215 4.03802 3.14035 2.44232 1.89939 1.4772 1.14881 0.893479 0.694849 0.540384 0.420278 0.326858 0.254192 0.197694 0.153735 0.119563 0.0929896 0.0723154 0.0562425 0.195481 464.596 225.465 175.346 136.369 106.055 82.4802 64.1456 49.8867 38.7973 30.1731 23.4659 18.2497 14.193 11.038 8.58432 6.67611 5.19207 4.03799 3.14041 2.44228 1.89942 1.47718 1.14884 0.893443 0.694868 0.540392 0.420262 0.326855 0.254201 0.197688 0.153749 0.119561 0.0929858 0.072319 0.0562405 0.0437404 0.152028 361.32 175.346 136.368 106.055 82.48 64.1456 49.8866 38.7973 30.173 23.4659 18.2496 14.193 11.038 8.58436 6.6761 5.19207 4.03792 3.14038 2.44233 1.89939 1.47719 1.14881 0.893461 0.694839 0.540405 0.420267 0.326842 0.254198 0.197694 0.153743 0.119572 0.092984 0.0723158 0.0562431 0.0437387 0.0340173 0.118233 281.003 136.369 106.055 82.4803 64.1458 49.8868 38.7974 30.1732 23.466 18.2497 14.193 11.038 8.5844 6.67617 5.19209 4.03794 3.14034 2.44231 1.89943 1.47718 1.14883 0.893447 0.694856 0.540385 0.42028 0.326847 0.254189 0.197693 0.153749 0.119568 0.0929925 0.0723148 0.056241 0.043741 0.0340161 0.0264557 0.0919516 218.539 106.055 82.4803 64.1458 49.8868 38.7975 30.1731 23.466 18.2497 14.193 11.038 8.5844 6.67617 5.19212 4.03794 3.14035 2.44227 1.89941 1.4772 1.14881 0.893459 0.694842 0.540396 0.420263 0.326856 0.254192 0.197685 0.153748 0.119572 0.0929893 0.0723212 0.0562399 0.0437391 0.0340178 0.0264547 0.0205748 0.0715117 169.96 82.4802 64.1457 49.8868 38.7974 30.1732 23.4659 18.2497 14.193 11.038 8.58436 6.67617 5.19212 4.03796 3.14034 2.44228 1.89938 1.47719 1.14884 0.893444 0.694851 0.540385 0.420271 0.326842 0.254199 0.197688 0.153742 0.119571 0.0929925 0.0723187 0.0562449 0.0437383 0.0340163 0.026456 0.0205741 0.0160012 0.0556153 132.179 64.1453 49.8864 38.7972 30.173 23.4658 18.2496 14.1929 11.0379 8.58432 6.6761 5.19209 4.03794 3.14034 2.44226 1.89937 1.47716 1.14882 0.893455 0.694836 0.540389 0.42026 0.326847 0.254187 0.197692 0.153743 0.119566 0.0929909 0.0723208 0.0562426 0.0437419 0.0340155 0.0264547 0.0205749 0.0160005 0.0124442 0.0432523 102.797 49.8864 38.7972 30.173 23.4658 18.2496 14.1929 11.0379 8.58432 6.67611 5.19207 4.03794 3.14035 2.44228 1.89937 1.47716 1.1488 0.893447 0.694849 0.540381 0.420266 0.326841 0.254192 0.197684 0.153747 0.119567 0.0929874 0.07232 0.0562446 0.0437404 0.0340185 0.0264542 0.0205741 0.0160013 0.0124438 0.00967801 0.0336377 79.9458 38.7971 30.1729 23.4658 18.2495 14.1929 11.0379 8.5843 6.67609 5.19207 4.03792 3.14034 2.44227 1.89938 1.47716 1.1488 0.89343 0.694841 0.54039 0.420258 0.326844 0.254187 0.197687 0.15374 0.11957 0.0929884 0.0723171 0.0562438 0.0437419 0.0340173 0.0264565 0.0205737 0.0160006 0.0124444 0.00967763 0.00752666 0.0261603 62.1756 30.1734 23.4661 18.2499 14.1931 11.0381 8.58444 6.67621 5.19215 4.03799 3.14038 2.44231 1.89941 1.47719 1.14882 0.893447 0.694841 0.540394 0.420273 0.326845 0.254194 0.197687 0.153746 0.119567 0.0929924 0.0723192 0.0562426 0.0437421 0.0340191 0.026456 0.0205758 0.0160006 0.012444 0.00967827 0.00752652 0.00585366 0.0203455 48.3551 23.4663 18.25 14.1932 11.0382 8.58453 6.67626 5.1922 4.03802 3.14041 2.44233 1.89943 1.4772 1.14884 0.893455 0.694849 0.54039 0.420273 0.326854 0.254193 0.197691 0.153744 0.119571 0.0929895 0.0723218 0.0562439 0.0437409 0.034019 0.0264572 0.0205753 0.0160022 0.0124439 0.00967795 0.00752695 0.0058535 0.00455249 0.015823 37.6055 18.2497 14.1929 11.038 8.58436 6.67615 5.1921 4.03795 3.14035 2.44228 1.89939 1.47718 1.14881 0.893444 0.694836 0.540381 0.420258 0.326845 0.254193 0.197684 0.153744 0.119566 0.0929897 0.0723175 0.0562443 0.0437406 0.0340171 0.0264564 0.0205756 0.0160013 0.0124448 0.00967759 0.00752649 0.00585368 0.00455224 0.00354045 0.0123055 29.2466 14.1932 11.0382 8.5845 6.67625 5.19219 4.03801 3.1404 2.44232 1.89942 1.47719 1.14883 0.893459 0.694851 0.540389 0.420266 0.326844 0.254194 0.197691 0.153744 0.11957 0.0929893 0.0723202 0.0562429 0.0437424 0.034018 0.0264558 0.0205757 0.0160021 0.0124446 0.0096786 0.00752648 0.00585352 0.00455253 0.00354038 0.00275349 0.00957026 22.7451 11.038 8.58438 6.67616 5.19212 4.03796 3.14036 2.44229 1.89939 1.47718 1.14881 0.893447 0.694842 0.540385 0.42026 0.326841 0.254187 0.197687 0.153744 0.119566 0.0929893 0.0723178 0.0562434 0.0437401 0.0340185 0.0264558 0.0205747 0.0160017 0.0124448 0.00967814 0.00752704 0.00585334 0.00455228 0.0035405 0.00275335 0.00214138 0.00744279 17.6894 8.58455 6.67629 5.19222 4.03804 3.14042 2.44234 1.89943 1.4772 1.14884 0.893461 0.694856 0.540396 0.420271 0.326847 0.254192 0.197687 0.153746 0.119571 0.0929897 0.0723202 0.0562434 0.0437419 0.0340178 0.026457 0.0205753 0.0160014 0.012445 0.00967867 0.00752693 0.00585397 0.00455229 0.00354042 0.00275354 0.00214135 0.00166541 0.00578844 13.757 6.67615 5.1921 4.03795 3.14036 2.44229 1.89939 1.47717 1.14881 0.893443 0.694839 0.540385 0.420263 0.326842 0.254187 0.197684 0.15374 0.119567 0.0929895 0.0723175 0.0562429 0.0437401 0.0340178 0.0264554 0.0205755 0.0160013 0.0124442 0.00967836 0.00752704 0.00585364 0.0045526 0.00354028 0.00275336 0.00214141 0.00166531 0.00129518 0.00450163 10.6994 5.19232 4.03812 3.14048 2.44239 1.89947 1.47723 1.14886 0.893479 0.694868 0.540405 0.42028 0.326856 0.254199 0.197692 0.153747 0.11957 0.0929924 0.0723218 0.0562443 0.0437424 0.0340185 0.026457 0.0205755 0.0160024 0.0124449 0.00967839 0.00752726 0.00585409 0.00455262 0.00354074 0.00275343 0.00214141 0.00166546 0.00129518 0.00100731 0.00350111 8.32077 4.03801 3.1404 2.44232 1.89942 1.4772 1.14883 0.893456 0.694849 0.540392 0.420267 0.326847 0.254192 0.197688 0.153743 0.119567 0.0929884 0.0723192 0.0562439 0.0437406 0.034018 0.0264558 0.0205753 0.0160013 0.0124449 0.00967825 0.00752678 0.00585387 0.00455266 0.00354053 0.0027536 0.00214131 0.00166535 0.00129521 0.00100725 0.000783377 0.00272277 6.47106 3.14036 2.44229 1.89939 1.47718 1.14882 0.893444 0.694841 0.540384 0.420262 0.326842 0.254189 0.197685 0.153742 0.119566 0.0929874 0.0723171 0.0562426 0.0437409 0.0340171 0.0264558 0.0205747 0.0160014 0.0124442 0.00967839 0.00752678 0.00585358 0.00455256 0.00354061 0.00275347 0.00214147 0.0016653 0.00129514 0.00100729 0.000783338 0.000609232 0.0021175 5.0328 2.44238 1.89946 1.47723 1.14886 0.893479 0.694867 0.540405 0.420278 0.326855 0.254198 0.197693 0.153748 0.119571 0.0929909 0.07232 0.0562438 0.0437421 0.034019 0.0264564 0.0205757 0.0160017 0.012445 0.00967836 0.00752726 0.00585387 0.00455256 0.0035407 0.00275367 0.00214148 0.00166551 0.00129517 0.00100728 0.000783407 0.000609233 0.000473824 0.00164686 3.9141 1.89948 1.47725 1.14887 0.893488 0.694875 0.540411 0.420283 0.326858 0.254201 0.197694 0.153749 0.119572 0.0929925 0.0723208 0.0562446 0.0437419 0.0340191 0.0264572 0.0205756 0.0160021 0.0124448 0.00967867 0.00752704 0.00585409 0.00455266 0.00354061 0.00275367 0.00214158 0.00166547 0.0012953 0.00100728 0.000783382 0.00060927 0.000473812 0.000368502 0.0012808 3.04393 1.4772 1.14883 0.893457 0.69485 0.540392 0.420268 0.326847 0.254192 0.197688 0.153743 0.119568 0.0929893 0.0723187 0.0562426 0.0437404 0.0340173 0.026456 0.0205753 0.0160013 0.0124446 0.00967814 0.00752693 0.00585364 0.00455262 0.00354053 0.00275347 0.00214148 0.00166547 0.00129521 0.00100733 0.00078334 0.000609222 0.000473818 0.000368475 0.000286577 0.000996053 2.36738 1.14887 0.893487 0.694874 0.540411 0.420283 0.326858 0.254201 0.197694 0.153749 0.119572 0.0929925 0.0723212 0.0562449 0.0437419 0.0340185 0.0264565 0.0205758 0.0160022 0.0124448 0.0096786 0.00752704 0.00585397 0.0045526 0.00354074 0.0027536 0.00214147 0.00166551 0.0012953 0.00100733 0.000783437 0.000609233 0.000473815 0.000368506 0.000286577 0.000222882 0.000774667 1.84097 0.893408 0.694812 0.540363 0.420245 0.326829 0.254178 0.197677 0.153735 0.119561 0.092984 0.0723148 0.0562399 0.0437383 0.0340155 0.0264542 0.0205737 0.0160006 0.0124439 0.00967759 0.00752648 0.00585334 0.00455229 0.00354028 0.00275343 0.00214131 0.0016653 0.00129517 0.00100728 0.00078334 0.000609233 0.000473764 0.000368458 0.000286565 0.000222854 0.000173322 0.000602413 1.43176 0.694825 0.540372 0.420253 0.326835 0.254183 0.19768 0.153738 0.119563 0.0929858 0.0723158 0.056241 0.0437391 0.0340163 0.0264547 0.0205741 0.0160006 0.012444 0.00967795 0.00752649 0.00585352 0.00455228 0.00354042 0.00275336 0.00214141 0.00166535 0.00129514 0.00100728 0.000783382 0.000609222 0.000473815 0.000368458 0.000286558 0.000222869 0.000173319 0.000134797 0.000468511 1.11354 0.540395 0.420271 0.326849 0.254193 0.197689 0.153744 0.119569 0.0929896 0.072319 0.0562431 0.043741 0.0340178 0.026456 0.0205749 0.0160013 0.0124444 0.00967827 0.00752695 0.00585368 0.00455253 0.0035405 0.00275354 0.00214141 0.00166546 0.00129521 0.00100729 0.000783407 0.00060927 0.000473818 0.000368506 0.000286565 0.000222869 0.000173335 0.000134797 0.000104837 0.000364381 0.865972 0.42025 0.326832 0.254181 0.197679 0.153737 0.119563 0.0929851 0.0723154 0.0562405 0.0437387 0.0340161 0.0264547 0.0205741 0.0160005 0.0124438 0.00967763 0.00752652 0.0058535 0.00455224 0.00354038 0.00275335 0.00214135 0.00166531 0.00129518 0.00100725 0.000783338 0.000609233 0.000473812 0.000368475 0.000286577 0.000222854 0.000173319 0.000134797 0.000104828 8.15288e-05 0.000283369 0.6735 0.326844 0.25419 0.197686 0.153743 0.119567 0.0929885 0.0723181 0.0562425 0.0437404 0.0340173 0.0264557 0.0205748 0.0160012 0.0124442 0.00967801 0.00752666 0.00585366 0.00455249 0.00354045 0.00275349 0.00214138 0.00166541 0.00129518 0.00100731 0.000783377 0.000609232 0.000473824 0.000368502 0.000286577 0.000222882 0.000173322 0.000134797 0.000104837 8.15288e-05 6.34081e-05 0.000220387 2.34088 1.13601 0.883486 0.687096 0.534361 0.415578 0.323199 0.251355 0.195481 0.152028 0.118233 0.0919516 0.0715117 0.0556153 0.0432523 0.0336377 0.0261603 0.0203455 0.015823 0.0123055 0.00957026 0.00744279 0.00578844 0.00450163 0.00350111 0.00272277 0.0021175 0.00164686 0.0012808 0.000996053 0.000774667 0.000602413 0.000468511 0.000364381 0.000283369 0.000220387 0.000765996 
