0.00015722 7.0356e-05 3.611e-05 2.4267e-05 1.83897e-05 1.43555e-05 1.07685e-05 8.20543e-06 5.0336e-06 2.30489e-06 3.99798e-07 -1.39241e-06 -3.02479e-06 -4.83812e-06 -6.30728e-06 -7.95645e-06 -8.5497e-06 -9.2161e-06 -1.04501e-05 -1.18243e-05 -1.30616e-05 -1.41178e-05 -1.52846e-05 -1.71972e-05 -1.827e-05 -1.89879e-05 -1.99141e-05 -2.15418e-05 -2.4146e-05 -2.71599e-05 -3.00128e-05 -3.29183e-05 -3.79397e-05 -4.82367e-05 -6.63801e-05 -8.4695e-05 -9.34882e-05 7.0356e-05 3.14917e-05 1.61647e-05 1.08632e-05 8.23232e-06 6.42644e-06 4.82079e-06 3.67346e-06 2.25361e-06 1.03211e-06 1.79287e-07 -6.23005e-07 -1.35373e-06 -2.16547e-06 -2.82314e-06 -3.56142e-06 -3.827e-06 -4.12532e-06 -4.67773e-06 -5.29291e-06 -5.84678e-06 -6.31961e-06 -6.84198e-06 -7.69818e-06 -8.17845e-06 -8.49984e-06 -8.91446e-06 -9.64311e-06 -1.08089e-05 -1.21581e-05 -1.34353e-05 -1.4736e-05 -1.69839e-05 -2.15935e-05 -2.97157e-05 -3.79145e-05 -4.18508e-05 3.611e-05 1.61647e-05 8.29773e-06 5.57633e-06 4.22589e-06 3.2989e-06 2.47469e-06 1.88574e-06 1.1569e-06 5.2988e-07 9.21063e-08 -3.19732e-07 -6.9483e-07 -1.11152e-06 -1.44911e-06 -1.8281e-06 -1.96443e-06 -2.11756e-06 -2.40113e-06 -2.71692e-06 -3.00124e-06 -3.24396e-06 -3.51211e-06 -3.95163e-06 -4.19817e-06 -4.36315e-06 -4.57599e-06 -4.95003e-06 -5.54847e-06 -6.24106e-06 -6.89668e-06 -7.56437e-06 -8.7183e-06 -1.10846e-05 -1.52539e-05 -1.94626e-05 -2.14832e-05 2.4267e-05 1.08632e-05 5.57633e-06 3.74747e-06 2.83993e-06 2.21696e-06 1.66307e-06 1.26728e-06 7.77476e-07 3.56096e-07 6.18988e-08 -2.1487e-07 -4.66947e-07 -7.46974e-07 -9.73849e-07 -1.22854e-06 -1.32016e-06 -1.42307e-06 -1.61364e-06 -1.82586e-06 -2.01693e-06 -2.18004e-06 -2.36025e-06 -2.65562e-06 -2.8213e-06 -2.93217e-06 -3.07521e-06 -3.32657e-06 -3.72875e-06 -4.19419e-06 -4.63478e-06 -5.08349e-06 -5.85897e-06 -7.44918e-06 -1.02511e-05 -1.30795e-05 -1.44374e-05 1.83897e-05 8.23232e-06 4.22589e-06 2.83993e-06 2.15218e-06 1.68008e-06 1.26032e-06 9.60383e-07 5.89198e-07 2.69866e-07 4.69155e-08 -1.62827e-07 -3.53858e-07 -5.66069e-07 -7.38001e-07 -9.31011e-07 -1.00044e-06 -1.07843e-06 -1.22285e-06 -1.38368e-06 -1.52847e-06 -1.65209e-06 -1.78865e-06 -2.01249e-06 -2.13805e-06 -2.22207e-06 -2.33047e-06 -2.52096e-06 -2.82574e-06 -3.17846e-06 -3.51236e-06 -3.8524e-06 -4.44008e-06 -5.64518e-06 -7.76857e-06 -9.91199e-06 -1.09411e-05 1.43555e-05 6.42644e-06 3.2989e-06 2.21696e-06 1.68008e-06 1.31154e-06 9.83859e-07 7.49716e-07 4.59954e-07 2.10671e-07 3.66274e-08 -1.27106e-07 -2.76232e-07 -4.41893e-07 -5.76109e-07 -7.26781e-07 -7.80982e-07 -8.41864e-07 -9.54602e-07 -1.08015e-06 -1.19319e-06 -1.28968e-06 -1.39629e-06 -1.57103e-06 -1.66904e-06 -1.73464e-06 -1.81926e-06 -1.96796e-06 -2.20588e-06 -2.48124e-06 -2.74189e-06 -3.00734e-06 -3.46611e-06 -4.40686e-06 -6.06446e-06 -7.7377e-06 -8.54103e-06 1.07685e-05 4.82079e-06 2.47469e-06 1.66307e-06 1.26032e-06 9.83859e-07 7.38051e-07 5.62408e-07 3.45041e-07 1.5804e-07 2.74804e-08 -9.53453e-08 -2.07213e-07 -3.31484e-07 -4.32168e-07 -5.45195e-07 -5.85854e-07 -6.31526e-07 -7.16097e-07 -8.10278e-07 -8.95072e-07 -9.6746e-07 -1.04743e-06 -1.17851e-06 -1.25204e-06 -1.30125e-06 -1.36472e-06 -1.47628e-06 -1.65476e-06 -1.86131e-06 -2.05684e-06 -2.25597e-06 -2.60012e-06 -3.30583e-06 -4.5493e-06 -5.80449e-06 -6.40711e-06 8.20543e-06 3.67346e-06 1.88574e-06 1.26728e-06 9.60383e-07 7.49716e-07 5.62408e-07 4.28566e-07 2.6293e-07 1.20433e-07 2.09448e-08 -7.26501e-08 -1.57894e-07 -2.52591e-07 -3.29313e-07 -4.15442e-07 -4.46425e-07 -4.81227e-07 -5.45672e-07 -6.17439e-07 -6.82053e-07 -7.37214e-07 -7.98155e-07 -8.9804e-07 -9.5407e-07 -9.91565e-07 -1.03994e-06 -1.12494e-06 -1.26094e-06 -1.41834e-06 -1.56734e-06 -1.71908e-06 -1.98133e-06 -2.51909e-06 -3.46663e-06 -4.42311e-06 -4.88231e-06 5.0336e-06 2.25361e-06 1.1569e-06 7.77476e-07 5.89198e-07 4.59954e-07 3.45041e-07 2.6293e-07 1.61313e-07 7.38917e-08 1.28554e-08 -4.45652e-08 -9.68623e-08 -1.54959e-07 -2.02028e-07 -2.54868e-07 -2.73876e-07 -2.95228e-07 -3.34765e-07 -3.78794e-07 -4.18435e-07 -4.52277e-07 -4.89664e-07 -5.50944e-07 -5.85319e-07 -6.08323e-07 -6.37999e-07 -6.90149e-07 -7.73588e-07 -8.70154e-07 -9.61564e-07 -1.05466e-06 -1.21555e-06 -1.54547e-06 -2.12679e-06 -2.71359e-06 -2.99531e-06 2.30489e-06 1.03211e-06 5.2988e-07 3.56096e-07 2.69866e-07 2.10671e-07 1.5804e-07 1.20433e-07 7.38917e-08 3.38514e-08 5.89582e-09 -2.0404e-08 -4.43566e-08 -7.09657e-08 -9.25239e-08 -1.16726e-07 -1.25433e-07 -1.35212e-07 -1.53321e-07 -1.73488e-07 -1.91644e-07 -2.07145e-07 -2.24269e-07 -2.52337e-07 -2.68082e-07 -2.78618e-07 -2.92211e-07 -3.16097e-07 -3.54314e-07 -3.98544e-07 -4.40412e-07 -4.83053e-07 -5.56745e-07 -7.07857e-07 -9.74116e-07 -1.24288e-06 -1.37192e-06 3.99798e-07 1.79287e-07 9.21063e-08 6.18988e-08 4.69155e-08 3.66274e-08 2.74804e-08 2.09448e-08 1.28554e-08 5.89582e-09 1.03636e-09 -3.53556e-09 -7.69872e-09 -1.23242e-08 -1.60714e-08 -2.02795e-08 -2.17932e-08 -2.34933e-08 -2.66417e-08 -3.0148e-08 -3.33041e-08 -3.59991e-08 -3.89764e-08 -4.38562e-08 -4.6594e-08 -4.84264e-08 -5.07899e-08 -5.49425e-08 -6.15867e-08 -6.92767e-08 -7.6556e-08 -8.39702e-08 -9.67828e-08 -1.23055e-07 -1.69346e-07 -2.16071e-07 -2.38502e-07 -1.39241e-06 -6.23005e-07 -3.19732e-07 -2.1487e-07 -1.62827e-07 -1.27106e-07 -9.53453e-08 -7.26501e-08 -4.45652e-08 -2.0404e-08 -3.53556e-09 1.23332e-08 2.67871e-08 4.28429e-08 5.58515e-08 7.04535e-08 7.57063e-08 8.16067e-08 9.25327e-08 1.047e-07 1.15655e-07 1.25007e-07 1.35339e-07 1.52273e-07 1.61772e-07 1.68128e-07 1.76329e-07 1.90741e-07 2.13799e-07 2.40484e-07 2.65745e-07 2.9147e-07 3.3593e-07 4.27102e-07 5.87747e-07 7.49913e-07 8.2777e-07 -3.02479e-06 -1.35373e-06 -6.9483e-07 -4.66947e-07 -3.53858e-07 -2.76232e-07 -2.07213e-07 -1.57894e-07 -9.68623e-08 -4.43566e-08 -7.69872e-09 2.67871e-08 5.81973e-08 9.30894e-08 1.21359e-07 1.53093e-07 1.64508e-07 1.77331e-07 2.01076e-07 2.27519e-07 2.51326e-07 2.7165e-07 2.94104e-07 3.30906e-07 3.5155e-07 3.65364e-07 3.83186e-07 4.14506e-07 4.64617e-07 5.2261e-07 5.77508e-07 6.33416e-07 7.30039e-07 9.28178e-07 1.2773e-06 1.62972e-06 1.79892e-06 -4.83812e-06 -2.16547e-06 -1.11152e-06 -7.46974e-07 -5.66069e-07 -4.41893e-07 -3.31484e-07 -2.52591e-07 -1.54959e-07 -7.09657e-08 -1.23242e-08 4.28429e-08 9.30894e-08 1.48906e-07 1.94129e-07 2.44894e-07 2.63156e-07 2.83669e-07 3.21654e-07 3.63954e-07 4.0204e-07 4.34552e-07 4.70471e-07 5.29345e-07 5.62369e-07 5.84468e-07 6.12978e-07 6.63081e-07 7.43244e-07 8.36018e-07 9.23838e-07 1.01328e-06 1.16785e-06 1.48481e-06 2.0433e-06 2.60707e-06 2.87774e-06 -6.30728e-06 -2.82314e-06 -1.44911e-06 -9.73849e-07 -7.38001e-07 -5.76109e-07 -4.32168e-07 -3.29313e-07 -2.02028e-07 -9.25239e-08 -1.60714e-08 5.58515e-08 1.21359e-07 1.94129e-07 2.53087e-07 3.19271e-07 3.43079e-07 3.69823e-07 4.19345e-07 4.74493e-07 5.24146e-07 5.66534e-07 6.13362e-07 6.90119e-07 7.33173e-07 7.61984e-07 7.99154e-07 8.64475e-07 9.68986e-07 1.08994e-06 1.20443e-06 1.32103e-06 1.52255e-06 1.93579e-06 2.66391e-06 3.39891e-06 3.75179e-06 -7.95645e-06 -3.56142e-06 -1.8281e-06 -1.22854e-06 -9.31011e-07 -7.26781e-07 -5.45195e-07 -4.15442e-07 -2.54868e-07 -1.16726e-07 -2.02795e-08 7.04535e-08 1.53093e-07 2.44894e-07 3.19271e-07 4.02765e-07 4.328e-07 4.66538e-07 5.29011e-07 5.98583e-07 6.61222e-07 7.14695e-07 7.73771e-07 8.70601e-07 9.24916e-07 9.61263e-07 1.00815e-06 1.09056e-06 1.2224e-06 1.37499e-06 1.51943e-06 1.66652e-06 1.92075e-06 2.44206e-06 3.36061e-06 4.28784e-06 4.733e-06 -8.5497e-06 -3.827e-06 -1.96443e-06 -1.32016e-06 -1.00044e-06 -7.80982e-07 -5.85854e-07 -4.46425e-07 -2.73876e-07 -1.25433e-07 -2.17932e-08 7.57063e-08 1.64508e-07 2.63156e-07 3.43079e-07 4.328e-07 4.65075e-07 5.01329e-07 5.68461e-07 6.43221e-07 7.10531e-07 7.67993e-07 8.31474e-07 9.35526e-07 9.93891e-07 1.03295e-06 1.08334e-06 1.17189e-06 1.31356e-06 1.47753e-06 1.63274e-06 1.79081e-06 2.06399e-06 2.62418e-06 3.61123e-06 4.60761e-06 5.08597e-06 -9.2161e-06 -4.12532e-06 -2.11756e-06 -1.42307e-06 -1.07843e-06 -8.41864e-07 -6.31526e-07 -4.81227e-07 -2.95228e-07 -1.35212e-07 -2.34933e-08 8.16067e-08 1.77331e-07 2.83669e-07 3.69823e-07 4.66538e-07 5.01329e-07 5.40409e-07 6.12774e-07 6.93363e-07 7.6592e-07 8.27861e-07 8.96291e-07 1.00845e-06 1.07137e-06 1.11347e-06 1.16779e-06 1.26324e-06 1.41596e-06 1.59271e-06 1.76002e-06 1.93041e-06 2.22489e-06 2.82875e-06 3.89275e-06 4.9668e-06 5.48245e-06 -1.04501e-05 -4.67773e-06 -2.40113e-06 -1.61364e-06 -1.22285e-06 -9.54602e-07 -7.16097e-07 -5.45672e-07 -3.34765e-07 -1.53321e-07 -2.66417e-08 9.25327e-08 2.01076e-07 3.21654e-07 4.19345e-07 5.29011e-07 5.68461e-07 6.12774e-07 6.94831e-07 7.86211e-07 8.68485e-07 9.3872e-07 1.01631e-06 1.1435e-06 1.21484e-06 1.26258e-06 1.32417e-06 1.4324e-06 1.60558e-06 1.80599e-06 1.99571e-06 2.18892e-06 2.52283e-06 3.20756e-06 4.41404e-06 5.63192e-06 6.21663e-06 -1.18243e-05 -5.29291e-06 -2.71692e-06 -1.82586e-06 -1.38368e-06 -1.08015e-06 -8.10278e-07 -6.17439e-07 -3.78794e-07 -1.73488e-07 -3.0148e-08 1.047e-07 2.27519e-07 3.63954e-07 4.74493e-07 5.98583e-07 6.43221e-07 6.93363e-07 7.86211e-07 8.8961e-07 9.82704e-07 1.06218e-06 1.14998e-06 1.29389e-06 1.37461e-06 1.42863e-06 1.49832e-06 1.62079e-06 1.81674e-06 2.04351e-06 2.25818e-06 2.4768e-06 2.85463e-06 3.62941e-06 4.99457e-06 6.37262e-06 7.03423e-06 -1.30616e-05 -5.84678e-06 -3.00124e-06 -2.01693e-06 -1.52847e-06 -1.19319e-06 -8.95072e-07 -6.82053e-07 -4.18435e-07 -1.91644e-07 -3.33041e-08 1.15655e-07 2.51326e-07 4.0204e-07 5.24146e-07 6.61222e-07 7.10531e-07 7.6592e-07 8.68485e-07 9.82704e-07 1.08554e-06 1.17333e-06 1.27032e-06 1.42929e-06 1.51846e-06 1.57813e-06 1.65511e-06 1.7904e-06 2.00685e-06 2.25736e-06 2.49449e-06 2.73599e-06 3.15335e-06 4.00921e-06 5.51724e-06 7.0395e-06 7.77034e-06 -1.41178e-05 -6.31961e-06 -3.24396e-06 -2.18004e-06 -1.65209e-06 -1.28968e-06 -9.6746e-07 -7.37214e-07 -4.52277e-07 -2.07145e-07 -3.59991e-08 1.25007e-07 2.7165e-07 4.34552e-07 5.66534e-07 7.14695e-07 7.67993e-07 8.27861e-07 9.3872e-07 1.06218e-06 1.17333e-06 1.26822e-06 1.37305e-06 1.54488e-06 1.64126e-06 1.70576e-06 1.78897e-06 1.93519e-06 2.16915e-06 2.43992e-06 2.69622e-06 2.95725e-06 3.40838e-06 4.33345e-06 5.96343e-06 7.60881e-06 8.39875e-06 -1.52846e-05 -6.84198e-06 -3.51211e-06 -2.36025e-06 -1.78865e-06 -1.39629e-06 -1.04743e-06 -7.98155e-07 -4.89664e-07 -2.24269e-07 -3.89764e-08 1.35339e-07 2.94104e-07 4.70471e-07 6.13362e-07 7.73771e-07 8.31474e-07 8.96291e-07 1.01631e-06 1.14998e-06 1.27032e-06 1.37305e-06 1.48655e-06 1.67258e-06 1.77693e-06 1.84676e-06 1.93684e-06 2.09516e-06 2.34846e-06 2.6416e-06 2.9191e-06 3.2017e-06 3.69012e-06 4.69166e-06 6.45638e-06 8.23776e-06 9.09301e-06 -1.71972e-05 -7.69818e-06 -3.95163e-06 -2.65562e-06 -2.01249e-06 -1.57103e-06 -1.17851e-06 -8.9804e-07 -5.50944e-07 -2.52337e-07 -4.38562e-08 1.52273e-07 3.30906e-07 5.29345e-07 6.90119e-07 8.70601e-07 9.35526e-07 1.00845e-06 1.1435e-06 1.29389e-06 1.42929e-06 1.54488e-06 1.67258e-06 1.88189e-06 1.9993e-06 2.07787e-06 2.17923e-06 2.35735e-06 2.64235e-06 2.97218e-06 3.2844e-06 3.60238e-06 4.15191e-06 5.27879e-06 7.26436e-06 9.26867e-06 1.02309e-05 -1.827e-05 -8.17845e-06 -4.19817e-06 -2.8213e-06 -2.13805e-06 -1.66904e-06 -1.25204e-06 -9.5407e-07 -5.85319e-07 -2.68082e-07 -4.6594e-08 1.61772e-07 3.5155e-07 5.62369e-07 7.33173e-07 9.24916e-07 9.93891e-07 1.07137e-06 1.21484e-06 1.37461e-06 1.51846e-06 1.64126e-06 1.77693e-06 1.9993e-06 2.12403e-06 2.2075e-06 2.31518e-06 2.50443e-06 2.8072e-06 3.15761e-06 3.48931e-06 3.82713e-06 4.41094e-06 5.60813e-06 7.71758e-06 9.84693e-06 1.08692e-05 -1.89879e-05 -8.49984e-06 -4.36315e-06 -2.93217e-06 -2.22207e-06 -1.73464e-06 -1.30125e-06 -9.91565e-07 -6.08323e-07 -2.78618e-07 -4.84264e-08 1.68128e-07 3.65364e-07 5.84468e-07 7.61984e-07 9.61263e-07 1.03295e-06 1.11347e-06 1.26258e-06 1.42863e-06 1.57813e-06 1.70576e-06 1.84676e-06 2.07787e-06 2.2075e-06 2.29425e-06 2.40617e-06 2.60285e-06 2.91752e-06 3.2817e-06 3.62644e-06 3.97753e-06 4.58429e-06 5.82853e-06 8.02088e-06 1.02339e-05 1.12964e-05 -1.99141e-05 -8.91446e-06 -4.57599e-06 -3.07521e-06 -2.33047e-06 -1.81926e-06 -1.36472e-06 -1.03994e-06 -6.37999e-07 -2.92211e-07 -5.07899e-08 1.76329e-07 3.83186e-07 6.12978e-07 7.99154e-07 1.00815e-06 1.08334e-06 1.16779e-06 1.32417e-06 1.49832e-06 1.65511e-06 1.78897e-06 1.93684e-06 2.17923e-06 2.31518e-06 2.40617e-06 2.52354e-06 2.72982e-06 3.05984e-06 3.44179e-06 3.80334e-06 4.17156e-06 4.80792e-06 6.11285e-06 8.41214e-06 1.07331e-05 1.18475e-05 -2.15418e-05 -9.64311e-06 -4.95003e-06 -3.32657e-06 -2.52096e-06 -1.96796e-06 -1.47628e-06 -1.12494e-06 -6.90149e-07 -3.16097e-07 -5.49425e-08 1.90741e-07 4.14506e-07 6.63081e-07 8.64475e-07 1.09056e-06 1.17189e-06 1.26324e-06 1.4324e-06 1.62079e-06 1.7904e-06 1.93519e-06 2.09516e-06 2.35735e-06 2.50443e-06 2.60285e-06 2.72982e-06 2.95295e-06 3.30995e-06 3.72312e-06 4.11423e-06 4.51254e-06 5.20092e-06 6.61252e-06 9.09975e-06 1.16105e-05 1.28159e-05 -2.4146e-05 -1.08089e-05 -5.54847e-06 -3.72875e-06 -2.82574e-06 -2.20588e-06 -1.65476e-06 -1.26094e-06 -7.73588e-07 -3.54314e-07 -6.15867e-08 2.13799e-07 4.64617e-07 7.43244e-07 9.68986e-07 1.2224e-06 1.31356e-06 1.41596e-06 1.60558e-06 1.81674e-06 2.00685e-06 2.16915e-06 2.34846e-06 2.64235e-06 2.8072e-06 2.91752e-06 3.05984e-06 3.30995e-06 3.71012e-06 4.17323e-06 4.61162e-06 5.05809e-06 5.82969e-06 7.41195e-06 1.01999e-05 1.30141e-05 1.43653e-05 -2.71599e-05 -1.21581e-05 -6.24106e-06 -4.19419e-06 -3.17846e-06 -2.48124e-06 -1.86131e-06 -1.41834e-06 -8.70154e-07 -3.98544e-07 -6.92767e-08 2.40484e-07 5.2261e-07 8.36018e-07 1.08994e-06 1.37499e-06 1.47753e-06 1.59271e-06 1.80599e-06 2.04351e-06 2.25736e-06 2.43992e-06 2.6416e-06 2.97218e-06 3.15761e-06 3.2817e-06 3.44179e-06 3.72312e-06 4.17323e-06 4.69416e-06 5.18727e-06 5.68947e-06 6.55739e-06 8.33715e-06 1.14731e-05 1.46386e-05 1.61584e-05 -3.00128e-05 -1.34353e-05 -6.89668e-06 -4.63478e-06 -3.51236e-06 -2.74189e-06 -2.05684e-06 -1.56734e-06 -9.61564e-07 -4.40412e-07 -7.6556e-08 2.65745e-07 5.77508e-07 9.23838e-07 1.20443e-06 1.51943e-06 1.63274e-06 1.76002e-06 1.99571e-06 2.25818e-06 2.49449e-06 2.69622e-06 2.9191e-06 3.2844e-06 3.48931e-06 3.62644e-06 3.80334e-06 4.11423e-06 4.61162e-06 5.18727e-06 5.73219e-06 6.28714e-06 7.24623e-06 9.21296e-06 1.26783e-05 1.61764e-05 1.78558e-05 -3.29183e-05 -1.4736e-05 -7.56437e-06 -5.08349e-06 -3.8524e-06 -3.00734e-06 -2.25597e-06 -1.71908e-06 -1.05466e-06 -4.83053e-07 -8.39702e-08 2.9147e-07 6.33416e-07 1.01328e-06 1.32103e-06 1.66652e-06 1.79081e-06 1.93041e-06 2.18892e-06 2.4768e-06 2.73599e-06 2.95725e-06 3.2017e-06 3.60238e-06 3.82713e-06 3.97753e-06 4.17156e-06 4.51254e-06 5.05809e-06 5.68947e-06 6.28714e-06 6.89582e-06 7.94777e-06 1.01049e-05 1.39058e-05 1.77425e-05 1.95845e-05 -3.79397e-05 -1.69839e-05 -8.7183e-06 -5.85897e-06 -4.44008e-06 -3.46611e-06 -2.60012e-06 -1.98133e-06 -1.21555e-06 -5.56745e-07 -9.67828e-08 3.3593e-07 7.30039e-07 1.16785e-06 1.52255e-06 1.92075e-06 2.06399e-06 2.22489e-06 2.52283e-06 2.85463e-06 3.15335e-06 3.40838e-06 3.69012e-06 4.15191e-06 4.41094e-06 4.58429e-06 4.80792e-06 5.20092e-06 5.82969e-06 6.55739e-06 7.24623e-06 7.94777e-06 9.16019e-06 1.16464e-05 1.60271e-05 2.04491e-05 2.25721e-05 -4.82367e-05 -2.15935e-05 -1.10846e-05 -7.44918e-06 -5.64518e-06 -4.40686e-06 -3.30583e-06 -2.51909e-06 -1.54547e-06 -7.07857e-07 -1.23055e-07 4.27102e-07 9.28178e-07 1.48481e-06 1.93579e-06 2.44206e-06 2.62418e-06 2.82875e-06 3.20756e-06 3.62941e-06 4.00921e-06 4.33345e-06 4.69166e-06 5.27879e-06 5.60813e-06 5.82853e-06 6.11285e-06 6.61252e-06 7.41195e-06 8.33715e-06 9.21296e-06 1.01049e-05 1.16464e-05 1.48074e-05 2.0377e-05 2.59993e-05 2.86985e-05 -6.63801e-05 -2.97157e-05 -1.52539e-05 -1.02511e-05 -7.76857e-06 -6.06446e-06 -4.5493e-06 -3.46663e-06 -2.12679e-06 -9.74116e-07 -1.69346e-07 5.87747e-07 1.2773e-06 2.0433e-06 2.66391e-06 3.36061e-06 3.61123e-06 3.89275e-06 4.41404e-06 4.99457e-06 5.51724e-06 5.96343e-06 6.45638e-06 7.26436e-06 7.71758e-06 8.02088e-06 8.41214e-06 9.09975e-06 1.01999e-05 1.14731e-05 1.26783e-05 1.39058e-05 1.60271e-05 2.0377e-05 2.80417e-05 3.57787e-05 3.94932e-05 -8.4695e-05 -3.79145e-05 -1.94626e-05 -1.30795e-05 -9.91199e-06 -7.7377e-06 -5.80449e-06 -4.42311e-06 -2.71359e-06 -1.24288e-06 -2.16071e-07 7.49913e-07 1.62972e-06 2.60707e-06 3.39891e-06 4.28784e-06 4.60761e-06 4.9668e-06 5.63192e-06 6.37262e-06 7.0395e-06 7.60881e-06 8.23776e-06 9.26867e-06 9.84693e-06 1.02339e-05 1.07331e-05 1.16105e-05 1.30141e-05 1.46386e-05 1.61764e-05 1.77425e-05 2.04491e-05 2.59993e-05 3.57787e-05 4.56503e-05 5.03898e-05 -9.34882e-05 -4.18508e-05 -2.14832e-05 -1.44374e-05 -1.09411e-05 -8.54103e-06 -6.40711e-06 -4.88231e-06 -2.99531e-06 -1.37192e-06 -2.38502e-07 8.2777e-07 1.79892e-06 2.87774e-06 3.75179e-06 4.733e-06 5.08597e-06 5.48245e-06 6.21663e-06 7.03423e-06 7.77034e-06 8.39875e-06 9.09301e-06 1.02309e-05 1.08692e-05 1.12964e-05 1.18475e-05 1.28159e-05 1.43653e-05 1.61584e-05 1.78558e-05 1.95845e-05 2.25721e-05 2.86985e-05 3.94932e-05 5.03898e-05 5.56213e-05 
