0.01134 0.00827748 0.00572701 0.004105 0.00285641 0.00178064 0.00132732 0.000946165 0.000591168 1.76381e-05 -0.000179911 -0.000254144 -0.000453749 -0.000648541 -0.000746687 -0.000851053 -0.000859651 -0.000933073 -0.000996671 -0.00126025 -0.00119883 -0.00140162 -0.00166323 -0.00196676 -0.00213436 -0.00212428 -0.00234178 -0.00270201 -0.00334182 -0.00404698 -0.00469434 -0.0054648 -0.0070587 -0.00996052 -0.0131582 -0.0133145 -0.0113742 0.00827748 0.00629388 0.00436923 0.00304266 0.00205889 0.0012358 0.000872215 0.000578667 0.000319521 -8.45072e-05 -0.000202659 -0.00026462 -0.000371369 -0.000496711 -0.000549494 -0.000627772 -0.000613486 -0.000658148 -0.000693944 -0.000861595 -0.000820642 -0.000962996 -0.00113275 -0.00134623 -0.00146519 -0.00145264 -0.00159118 -0.00184615 -0.00229064 -0.00277261 -0.00321133 -0.00375142 -0.00483608 -0.00684473 -0.0090479 -0.00913901 -0.00779985 0.00572701 0.00436923 0.00306489 0.00213753 0.00144877 0.000879731 0.00064172 0.000428318 0.000241681 -3.99887e-05 -0.00011354 -0.000168736 -0.000246647 -0.000338947 -0.000381782 -0.000431048 -0.000427436 -0.000459445 -0.000491505 -0.000606091 -0.000589632 -0.000686881 -0.000817189 -0.000970898 -0.00105436 -0.00104897 -0.00115549 -0.00134292 -0.00166881 -0.00202455 -0.0023424 -0.00274697 -0.00355019 -0.00502313 -0.00663607 -0.00670273 -0.005721 0.004105 0.00304266 0.00213753 0.00166132 0.00111136 0.000719259 0.00056113 0.000463758 0.000336535 3.27683e-05 -8.69568e-06 -6.01759e-05 -0.000135519 -0.000216404 -0.000227341 -0.000325442 -0.000325959 -0.000363091 -0.000407216 -0.000501622 -0.000498678 -0.000585877 -0.000663222 -0.000835724 -0.000909804 -0.000909377 -0.00101658 -0.00119446 -0.00147718 -0.00178652 -0.00207537 -0.00242494 -0.00312269 -0.00447589 -0.00597331 -0.0060985 -0.00522313 0.00285641 0.00205889 0.00144877 0.00111136 0.0008608 0.000617644 0.000522535 0.000405314 0.000289621 0.000150064 8.62217e-05 2.80354e-05 -5.64592e-05 -0.000133741 -0.000176271 -0.000205982 -0.000238712 -0.000274564 -0.000320817 -0.000400199 -0.00039487 -0.000476502 -0.000596313 -0.000700819 -0.000752338 -0.000763687 -0.00085588 -0.00102025 -0.00126019 -0.00153341 -0.00177699 -0.00209525 -0.00273823 -0.00384972 -0.00503699 -0.005062 -0.00431608 0.00178064 0.0012358 0.000879731 0.000719259 0.000617644 0.000535857 0.000474385 0.000383515 0.000289895 0.00022166 0.000156779 9.71346e-05 1.2642e-05 -5.88878e-05 -0.000102616 -0.000121067 -0.000167889 -0.000200274 -0.000250699 -0.000321499 -0.000321332 -0.000393344 -0.000508759 -0.000592271 -0.000639315 -0.000653702 -0.00073312 -0.000887129 -0.00110078 -0.00134288 -0.00155678 -0.00184347 -0.00242554 -0.00339899 -0.00444857 -0.0044697 -0.00381054 0.00132732 0.000872215 0.00064172 0.00056113 0.000522535 0.000474385 0.000473917 0.00037611 0.000284807 0.000235991 0.000194183 0.000133479 4.23864e-05 -2.76275e-05 -7.72632e-05 -8.6386e-05 -0.00013672 -0.000166893 -0.000219848 -0.000280501 -0.000293159 -0.000356405 -0.000477567 -0.00054842 -0.000584955 -0.000603301 -0.000684626 -0.000829899 -0.00103201 -0.00126198 -0.00146013 -0.00174012 -0.00230018 -0.00320893 -0.00417229 -0.00417395 -0.00355286 0.000946165 0.000578667 0.000428318 0.000463758 0.000405314 0.000383515 0.00037611 0.000351463 0.00028735 0.000199246 0.000167195 0.000126472 5.07625e-05 -5.89158e-06 -3.18688e-05 -6.7772e-05 -0.000106637 -0.00013445 -0.000184828 -0.000236969 -0.000244671 -0.00030049 -0.000373442 -0.000458516 -0.000496464 -0.000507251 -0.000578802 -0.000706357 -0.000872785 -0.00106232 -0.00123571 -0.0014582 -0.00191447 -0.00271042 -0.00357326 -0.00362516 -0.00310048 0.000591168 0.000319521 0.000241681 0.000336535 0.000289621 0.000289895 0.000284807 0.00028735 0.000260856 0.000164792 0.00013809 0.000103052 5.19989e-05 9.38371e-06 4.31078e-06 -5.10828e-05 -7.72541e-05 -0.000102037 -0.000141952 -0.000182148 -0.000192547 -0.000229311 -0.000269901 -0.000352505 -0.000383656 -0.000396056 -0.000451453 -0.00054774 -0.000673922 -0.000823021 -0.000961817 -0.00113019 -0.00146923 -0.002114 -0.00285064 -0.00293774 -0.00252616 1.76381e-05 -8.45072e-05 -3.99887e-05 3.27683e-05 0.000150064 0.00022166 0.000235991 0.000199246 0.000164792 0.000211887 0.000160362 0.000125177 7.40724e-05 3.72354e-05 4.22018e-06 1.68001e-05 -2.88656e-05 -4.80069e-05 -8.07669e-05 -0.000108886 -0.000114799 -0.000150486 -0.000225566 -0.000244658 -0.000257566 -0.000275753 -0.000314418 -0.000395294 -0.000490767 -0.00060332 -0.00069769 -0.000840339 -0.00113022 -0.00155459 -0.00200442 -0.00199455 -0.00169633 -0.000179911 -0.000202659 -0.00011354 -8.69568e-06 8.62217e-05 0.000156779 0.000194183 0.000167195 0.00013809 0.000160362 0.00015624 0.000114912 7.25511e-05 4.32353e-05 1.61634e-05 2.41578e-05 -1.06312e-05 -2.42751e-05 -5.52071e-05 -7.11931e-05 -8.4024e-05 -0.000109946 -0.000170337 -0.000188406 -0.000196928 -0.000209341 -0.00024589 -0.000311718 -0.000388619 -0.000478424 -0.000552169 -0.000669814 -0.000904554 -0.00124601 -0.00158392 -0.00155909 -0.0013208 -0.000254144 -0.00026462 -0.000168736 -6.01759e-05 2.80354e-05 9.71346e-05 0.000133479 0.000126472 0.000103052 0.000125177 0.000114912 0.000102403 6.24378e-05 4.14111e-05 1.83376e-05 2.77529e-05 1.1918e-06 -6.46255e-06 -3.07961e-05 -4.47703e-05 -5.11397e-05 -7.21038e-05 -0.000112481 -0.000122683 -0.000128898 -0.00013548 -0.000158944 -0.000207143 -0.000258714 -0.000316286 -0.000366067 -0.000441908 -0.000601287 -0.00082327 -0.00104287 -0.00103081 -0.000873633 -0.000453749 -0.000371369 -0.000246647 -0.000135519 -5.64592e-05 1.2642e-05 4.23864e-05 5.07625e-05 5.19989e-05 7.40724e-05 7.25511e-05 6.24378e-05 4.91998e-05 4.23373e-05 3.64657e-05 3.71285e-05 2.27478e-05 1.89083e-05 6.26693e-06 5.9213e-06 -1.1591e-06 -6.1981e-06 -1.94731e-05 -2.23916e-05 -2.22015e-05 -2.81435e-05 -3.66732e-05 -5.54225e-05 -6.93237e-05 -8.70392e-05 -0.000101298 -0.000127294 -0.000178347 -0.000246482 -0.000316866 -0.000317361 -0.000270314 -0.000648541 -0.000496711 -0.000338947 -0.000216404 -0.000133741 -5.88878e-05 -2.76275e-05 -5.89158e-06 9.38371e-06 3.72354e-05 4.32353e-05 4.14111e-05 4.23373e-05 4.62357e-05 4.8632e-05 4.88184e-05 4.29306e-05 4.3689e-05 3.9207e-05 4.81636e-05 4.20519e-05 4.70273e-05 5.22393e-05 5.93741e-05 6.51306e-05 6.16486e-05 6.53317e-05 6.85283e-05 8.45994e-05 0.00010109 0.000116329 0.000131581 0.000164881 0.000230765 0.000300524 0.000298343 0.000253378 -0.000746687 -0.000549494 -0.000381782 -0.000227341 -0.000176271 -0.000102616 -7.72632e-05 -3.18688e-05 4.31078e-06 4.22018e-06 1.61634e-05 1.83376e-05 3.64657e-05 4.8632e-05 7.5474e-05 4.3163e-05 5.15765e-05 5.2246e-05 5.32808e-05 7.01727e-05 6.25822e-05 7.53714e-05 0.000108626 0.000104251 0.000111467 0.000108334 0.000118124 0.00013422 0.000169196 0.000204708 0.000234303 0.000275112 0.000369115 0.000484769 0.000590967 0.000562066 0.000472466 -0.000851053 -0.000627772 -0.000431048 -0.000325442 -0.000205982 -0.000121067 -8.6386e-05 -6.7772e-05 -5.10828e-05 1.68001e-05 2.41578e-05 2.77529e-05 3.71285e-05 4.88184e-05 4.3163e-05 7.61962e-05 6.46797e-05 6.87704e-05 7.2135e-05 9.02801e-05 8.77976e-05 0.000100554 0.000106448 0.000139049 0.000152828 0.000150889 0.000164093 0.000188282 0.000232357 0.000281064 0.000328078 0.00037939 0.000477668 0.000696808 0.00095408 0.000986739 0.000845928 -0.000859651 -0.000613486 -0.000427436 -0.000325959 -0.000238712 -0.000167889 -0.00013672 -0.000106637 -7.72541e-05 -2.88656e-05 -1.06312e-05 1.1918e-06 2.27478e-05 4.29306e-05 5.15765e-05 6.46797e-05 7.04186e-05 7.94274e-05 8.92922e-05 0.00011333 0.000110795 0.000130146 0.000156486 0.000187909 0.000204133 0.000205624 0.000228702 0.000267687 0.00033107 0.00040244 0.000467223 0.000546757 0.000709149 0.00100358 0.0013304 0.00134945 0.00115397 -0.000933073 -0.000658148 -0.000459445 -0.000363091 -0.000274564 -0.000200274 -0.000166893 -0.00013445 -0.000102037 -4.80069e-05 -2.42751e-05 -6.46255e-06 1.89083e-05 4.3689e-05 5.2246e-05 6.87704e-05 7.94274e-05 9.40441e-05 0.00010577 0.000132229 0.000130349 0.0001545 0.000186714 0.000225146 0.000243258 0.00024753 0.000278457 0.000326383 0.00040229 0.000488998 0.000567007 0.000665034 0.000864425 0.0012226 0.00161109 0.00162686 0.00139076 -0.000996671 -0.000693944 -0.000491505 -0.000407216 -0.000320817 -0.000250699 -0.000219848 -0.000184828 -0.000141952 -8.07669e-05 -5.52071e-05 -3.07961e-05 6.26693e-06 3.9207e-05 5.32808e-05 7.2135e-05 8.92922e-05 0.00010577 0.000129045 0.00016171 0.000160367 0.000192962 0.000238724 0.00028705 0.000310278 0.000315556 0.000355732 0.000425766 0.000524498 0.000639085 0.000742094 0.000873377 0.00114065 0.00161114 0.00211997 0.00214176 0.00183003 -0.00126025 -0.000861595 -0.000606091 -0.000501622 -0.000400199 -0.000321499 -0.000280501 -0.000236969 -0.000182148 -0.000108886 -7.11931e-05 -4.47703e-05 5.9213e-06 4.81636e-05 7.01727e-05 9.02801e-05 0.00011333 0.000132229 0.00016171 0.000208896 0.000204713 0.000245304 0.000303661 0.000364019 0.000395212 0.000401067 0.000448283 0.000535903 0.000662604 0.000807341 0.000939578 0.0011021 0.00143876 0.00203196 0.00268771 0.00272582 0.00233269 -0.00119883 -0.000820642 -0.000589632 -0.000498678 -0.00039487 -0.000321332 -0.000293159 -0.000244671 -0.000192547 -0.000114799 -8.4024e-05 -5.11397e-05 -1.1591e-06 4.20519e-05 6.25822e-05 8.77976e-05 0.000110795 0.000130349 0.000160367 0.000204713 0.000211448 0.000248476 0.000306662 0.000371129 0.000401 0.000410062 0.000462091 0.000550398 0.000682808 0.00083288 0.000967351 0.00114087 0.00148972 0.00210952 0.00280231 0.00285191 0.00244126 -0.00140162 -0.000962996 -0.000686881 -0.000585877 -0.000476502 -0.000393344 -0.000356405 -0.00030049 -0.000229311 -0.000150486 -0.000109946 -7.21038e-05 -6.1981e-06 4.70273e-05 7.53714e-05 0.000100554 0.000130146 0.0001545 0.000192962 0.000245304 0.000248476 0.000304216 0.000380487 0.000452739 0.000487367 0.000497137 0.000561097 0.000677709 0.000840136 0.00102079 0.00118403 0.00139906 0.00183486 0.00258389 0.00339294 0.00342635 0.00292476 -0.00166323 -0.00113275 -0.000817189 -0.000663222 -0.000596313 -0.000508759 -0.000477567 -0.000373442 -0.000269901 -0.000225566 -0.000170337 -0.000112481 -1.94731e-05 5.22393e-05 0.000108626 0.000106448 0.000156486 0.000186714 0.000238724 0.000303661 0.000306662 0.000380487 0.000511574 0.000577091 0.000614965 0.00063046 0.000712504 0.000865698 0.00107465 0.00131067 0.00151559 0.00180331 0.00238694 0.00331476 0.00427599 0.00425403 0.00361399 -0.00196676 -0.00134623 -0.000970898 -0.000835724 -0.000700819 -0.000592271 -0.00054842 -0.000458516 -0.000352505 -0.000244658 -0.000188406 -0.000122683 -2.23916e-05 5.93741e-05 0.000104251 0.000139049 0.000187909 0.000225146 0.00028705 0.000364019 0.000371129 0.000452739 0.000577091 0.000684832 0.000735204 0.000751996 0.000849886 0.00102895 0.00127522 0.00155424 0.00180204 0.00213424 0.00280465 0.00394524 0.00516801 0.00520368 0.00443888 -0.00213436 -0.00146519 -0.00105436 -0.000909804 -0.000752338 -0.000639315 -0.000584955 -0.000496464 -0.000383656 -0.000257566 -0.000196928 -0.000128898 -2.22015e-05 6.51306e-05 0.000111467 0.000152828 0.000204133 0.000243258 0.000310278 0.000395212 0.000401 0.000487367 0.000614965 0.000735204 0.000795113 0.000809924 0.00091311 0.00110496 0.00136896 0.00166866 0.00193681 0.00228939 0.00300357 0.00423466 0.00556983 0.00562483 0.0048026 -0.00212428 -0.00145264 -0.00104897 -0.000909377 -0.000763687 -0.000653702 -0.000603301 -0.000507251 -0.000396056 -0.000275753 -0.000209341 -0.00013548 -2.81435e-05 6.16486e-05 0.000108334 0.000150889 0.000205624 0.00024753 0.000315556 0.000401067 0.000410062 0.000497137 0.00063046 0.000751996 0.000809924 0.000829856 0.000936264 0.00113224 0.00140335 0.00171186 0.00198647 0.00235145 0.00308537 0.00434929 0.00572411 0.00578228 0.00493845 -0.00234178 -0.00159118 -0.00115549 -0.00101658 -0.00085588 -0.00073312 -0.000684626 -0.000578802 -0.000451453 -0.000314418 -0.00024589 -0.000158944 -3.66732e-05 6.53317e-05 0.000118124 0.000164093 0.000228702 0.000278457 0.000355732 0.000448283 0.000462091 0.000561097 0.000712504 0.000849886 0.00091311 0.000936264 0.00106279 0.00128435 0.00159032 0.00193874 0.00224734 0.00266277 0.00349858 0.00492663 0.00646108 0.00651378 0.00555944 -0.00270201 -0.00184615 -0.00134292 -0.00119446 -0.00102025 -0.000887129 -0.000829899 -0.000706357 -0.00054774 -0.000395294 -0.000311718 -0.000207143 -5.54225e-05 6.85283e-05 0.00013422 0.000188282 0.000267687 0.000326383 0.000425766 0.000535903 0.000550398 0.000677709 0.000865698 0.00102895 0.00110496 0.00113224 0.00128435 0.00156464 0.0019374 0.00236056 0.00273632 0.0032461 0.00427094 0.00600856 0.00786224 0.00791433 0.00674937 -0.00334182 -0.00229064 -0.00166881 -0.00147718 -0.00126019 -0.00110078 -0.00103201 -0.000872785 -0.000673922 -0.000490767 -0.000388619 -0.000258714 -6.93237e-05 8.45994e-05 0.000169196 0.000232357 0.00033107 0.00040229 0.000524498 0.000662604 0.000682808 0.000840136 0.00107465 0.00127522 0.00136896 0.00140335 0.00159032 0.0019374 0.00240338 0.00292768 0.0033934 0.00402733 0.00530005 0.00745453 0.00975715 0.00982274 0.00837705 -0.00404698 -0.00277261 -0.00202455 -0.00178652 -0.00153341 -0.00134288 -0.00126198 -0.00106232 -0.000823021 -0.00060332 -0.000478424 -0.000316286 -8.70392e-05 0.00010109 0.000204708 0.000281064 0.00040244 0.000488998 0.000639085 0.000807341 0.00083288 0.00102079 0.00131067 0.00155424 0.00166866 0.00171186 0.00193874 0.00236056 0.00292768 0.00357037 0.00413882 0.00491326 0.00646549 0.00909433 0.0119111 0.0119924 0.0102284 -0.00469434 -0.00321133 -0.0023424 -0.00207537 -0.00177699 -0.00155678 -0.00146013 -0.00123571 -0.000961817 -0.00069769 -0.000552169 -0.000366067 -0.000101298 0.000116329 0.000234303 0.000328078 0.000467223 0.000567007 0.000742094 0.000939578 0.000967351 0.00118403 0.00151559 0.00180204 0.00193681 0.00198647 0.00224734 0.00273632 0.0033934 0.00413882 0.00480086 0.00569486 0.00748824 0.0105427 0.0138296 0.0139401 0.0118948 -0.0054648 -0.00375142 -0.00274697 -0.00242494 -0.00209525 -0.00184347 -0.00174012 -0.0014582 -0.00113019 -0.000840339 -0.000669814 -0.000441908 -0.000127294 0.000131581 0.000275112 0.00037939 0.000546757 0.000665034 0.000873377 0.0011021 0.00114087 0.00139906 0.00180331 0.00213424 0.00228939 0.00235145 0.00266277 0.0032461 0.00402733 0.00491326 0.00569486 0.00676648 0.00890669 0.012525 0.0164025 0.0165103 0.0140794 -0.0070587 -0.00483608 -0.00355019 -0.00312269 -0.00273823 -0.00242554 -0.00230018 -0.00191447 -0.00146923 -0.00113022 -0.000904554 -0.000601287 -0.000178347 0.000164881 0.000369115 0.000477668 0.000709149 0.000864425 0.00114065 0.00143876 0.00148972 0.00183486 0.00238694 0.00280465 0.00300357 0.00308537 0.00349858 0.00427094 0.00530005 0.00646549 0.00748824 0.00890669 0.011746 0.0164802 0.0215105 0.0216002 0.0184048 -0.00996052 -0.00684473 -0.00502313 -0.00447589 -0.00384972 -0.00339899 -0.00320893 -0.00271042 -0.002114 -0.00155459 -0.00124601 -0.00082327 -0.000246482 0.000230765 0.000484769 0.000696808 0.00100358 0.0012226 0.00161114 0.00203196 0.00210952 0.00258389 0.00331476 0.00394524 0.00423466 0.00434929 0.00492663 0.00600856 0.00745453 0.00909433 0.0105427 0.012525 0.0164802 0.0232049 0.0304344 0.0306717 0.0261659 -0.0131582 -0.0090479 -0.00663607 -0.00597331 -0.00503699 -0.00444857 -0.00417229 -0.00357326 -0.00285064 -0.00200442 -0.00158392 -0.00104287 -0.000316866 0.000300524 0.000590967 0.00095408 0.0013304 0.00161109 0.00211997 0.00268771 0.00280231 0.00339294 0.00427599 0.00516801 0.00556983 0.00572411 0.00646108 0.00786224 0.00975715 0.0119111 0.0138296 0.0164025 0.0215105 0.0304344 0.0402844 0.0408775 0.0349547 -0.0133145 -0.00913901 -0.00670273 -0.0060985 -0.005062 -0.0044697 -0.00417395 -0.00362516 -0.00293774 -0.00199455 -0.00155909 -0.00103081 -0.000317361 0.000298343 0.000562066 0.000986739 0.00134945 0.00162686 0.00214176 0.00272582 0.00285191 0.00342635 0.00425403 0.00520368 0.00562483 0.00578228 0.00651378 0.00791433 0.00982274 0.0119924 0.0139401 0.0165103 0.0216002 0.0306717 0.0408775 0.0417061 0.0357294 -0.0113742 -0.00779985 -0.005721 -0.00522313 -0.00431608 -0.00381054 -0.00355286 -0.00310048 -0.00252616 -0.00169633 -0.0013208 -0.000873633 -0.000270314 0.000253378 0.000472466 0.000845928 0.00115397 0.00139076 0.00183003 0.00233269 0.00244126 0.00292476 0.00361399 0.00443888 0.0048026 0.00493845 0.00555944 0.00674937 0.00837705 0.0102284 0.0118948 0.0140794 0.0184048 0.0261659 0.0349547 0.0357294 0.0306336 
