1.30485e-11 1.107e-11 7.59258e-12 4.70206e-12 2.53588e-12 9.34071e-13 -1.0287e-13 -6.43776e-13 -1.11914e-12 -1.31613e-12 -1.3446e-12 -1.28134e-12 -1.31632e-12 -1.25653e-12 -1.25169e-12 -9.93971e-13 -1.01454e-12 -8.90675e-13 -8.35602e-13 -6.27982e-13 -5.63688e-13 -5.87429e-13 -5.11766e-13 -3.41725e-13 -1.71464e-13 -2.88787e-13 -2.55499e-13 -1.57383e-14 -4.96926e-14 6.76272e-14 4.69991e-14 2.8092e-13 3.24897e-13 2.21428e-13 4.72839e-13 7.17639e-13 8.79227e-13 1.107e-11 9.42054e-12 6.47384e-12 4.00889e-12 2.16207e-12 8.01913e-13 -9.0094e-14 -5.46727e-13 -9.60633e-13 -1.11945e-12 -1.14561e-12 -1.09696e-12 -1.12789e-12 -1.07562e-12 -1.05674e-12 -8.48259e-13 -8.66085e-13 -7.56188e-13 -7.12477e-13 -5.32774e-13 -4.78296e-13 -4.97147e-13 -4.34582e-13 -2.95852e-13 -1.46441e-13 -2.48988e-13 -2.21425e-13 -1.41546e-14 -4.18406e-14 5.30922e-14 3.78676e-14 2.34511e-13 2.80212e-13 1.9283e-13 3.92419e-13 6.12264e-13 7.52664e-13 7.59258e-12 6.47384e-12 4.45992e-12 2.75847e-12 1.48937e-12 5.5579e-13 -6.23448e-14 -3.75376e-13 -6.61243e-13 -7.70621e-13 -7.87605e-13 -7.55692e-13 -7.77986e-13 -7.41899e-13 -7.25484e-13 -5.82266e-13 -5.96908e-13 -5.18838e-13 -4.91327e-13 -3.65817e-13 -3.30166e-13 -3.41173e-13 -2.9785e-13 -2.0498e-13 -1.02459e-13 -1.73054e-13 -1.52199e-13 -9.64649e-15 -2.87325e-14 3.53906e-14 2.53077e-14 1.59822e-13 1.93558e-13 1.32331e-13 2.66265e-13 4.20308e-13 5.15747e-13 4.70206e-12 4.00889e-12 2.75847e-12 1.71261e-12 9.20263e-13 3.44584e-13 -3.81509e-14 -2.31083e-13 -4.08707e-13 -4.78619e-13 -4.86327e-13 -4.64974e-13 -4.80012e-13 -4.59011e-13 -4.5244e-13 -3.59438e-13 -3.72014e-13 -3.21312e-13 -3.02943e-13 -2.26587e-13 -2.06739e-13 -2.10514e-13 -1.88196e-13 -1.25333e-13 -6.35511e-14 -1.06033e-13 -9.17533e-14 -9.00237e-15 -1.90817e-14 2.39795e-14 1.58989e-14 1.02632e-13 1.20961e-13 8.1356e-14 1.65869e-13 2.59764e-13 3.15838e-13 2.53588e-12 2.16207e-12 1.48937e-12 9.20263e-13 5.03867e-13 1.86192e-13 -1.84815e-14 -1.26122e-13 -2.18534e-13 -2.54047e-13 -2.64937e-13 -2.51355e-13 -2.58217e-13 -2.4542e-13 -2.43272e-13 -1.94139e-13 -1.99971e-13 -1.727e-13 -1.66356e-13 -1.20719e-13 -1.09514e-13 -1.14204e-13 -1.00038e-13 -6.76053e-14 -3.38617e-14 -5.67293e-14 -4.79458e-14 -5.3952e-15 -1.03591e-14 1.39657e-14 7.92374e-15 5.36951e-14 6.64877e-14 4.60042e-14 8.94194e-14 1.41511e-13 1.74662e-13 9.34071e-13 8.01913e-13 5.5579e-13 3.44584e-13 1.86192e-13 7.44702e-14 -6.02697e-15 -4.46656e-14 -7.88512e-14 -9.61344e-14 -9.708e-14 -8.93102e-14 -9.55396e-14 -9.05374e-14 -9.46207e-14 -6.8737e-14 -7.63809e-14 -6.40926e-14 -6.22625e-14 -4.50334e-14 -4.41149e-14 -4.34468e-14 -3.78004e-14 -2.43572e-14 -1.37661e-14 -2.07714e-14 -1.32823e-14 -4.22719e-15 -4.96004e-15 7.8237e-15 3.03518e-15 2.26358e-14 2.7436e-14 1.30425e-14 3.4747e-14 5.26193e-14 6.2693e-14 -1.0287e-13 -9.0094e-14 -6.23448e-14 -3.81509e-14 -1.84815e-14 -6.02697e-15 4.62885e-15 5.31259e-15 1.40636e-14 1.11358e-14 1.04253e-14 1.62032e-14 1.42676e-14 1.31073e-14 2.98793e-15 1.17507e-14 7.45812e-15 6.17002e-15 5.63006e-15 5.84395e-15 2.45135e-15 4.1341e-15 2.66394e-15 5.56315e-15 1.48017e-15 4.86767e-15 7.93416e-15 -2.65137e-15 -4.44432e-16 3.77474e-15 0 1.35215e-15 3.11182e-16 -5.14201e-15 7.98312e-16 -6.94431e-15 -7.61688e-15 -6.43776e-13 -5.46727e-13 -3.75376e-13 -2.31083e-13 -1.26122e-13 -4.46656e-14 5.31259e-15 3.67466e-14 5.74925e-14 6.34526e-14 6.76038e-14 6.67963e-14 6.70602e-14 6.47276e-14 5.62404e-14 5.05976e-14 4.99489e-14 4.44495e-14 3.94751e-14 3.06614e-14 2.72905e-14 2.78359e-14 2.4809e-14 1.92529e-14 8.15429e-15 1.47226e-14 1.5784e-14 -3.47773e-16 3.67258e-15 -4.95123e-16 -2.49705e-15 -1.24151e-14 -1.45716e-14 -1.33053e-14 -2.19896e-14 -3.62429e-14 -4.42928e-14 -1.11914e-12 -9.60633e-13 -6.61243e-13 -4.08707e-13 -2.18534e-13 -7.88512e-14 1.40636e-14 5.74925e-14 1.11617e-13 1.12304e-13 1.19345e-13 1.25155e-13 1.23263e-13 1.16241e-13 9.01322e-14 9.4618e-14 8.60684e-14 7.622e-14 7.19763e-14 5.53194e-14 4.12289e-14 4.81482e-14 3.9973e-14 3.71477e-14 1.37055e-14 3.10697e-14 3.52979e-14 -3.28796e-15 1.92899e-15 4.21295e-15 -2.951e-15 -1.52589e-14 -2.43114e-14 -2.67817e-14 -2.87591e-14 -6.69441e-14 -8.23743e-14 -1.31613e-12 -1.11945e-12 -7.70621e-13 -4.78619e-13 -2.54047e-13 -9.61344e-14 1.11358e-14 6.34526e-14 1.12304e-13 1.39326e-13 1.3195e-13 1.28033e-13 1.32971e-13 1.27836e-13 1.2907e-13 9.87417e-14 1.04674e-13 8.98669e-14 8.25706e-14 6.52151e-14 5.95804e-14 5.9381e-14 5.29935e-14 3.34285e-14 1.88519e-14 2.94178e-14 2.44208e-14 2.57284e-15 4.9057e-15 -6.41016e-15 -5.19563e-15 -2.98504e-14 -3.22348e-14 -2.06393e-14 -4.71096e-14 -7.26178e-14 -8.9735e-14 -1.3446e-12 -1.14561e-12 -7.87605e-13 -4.86327e-13 -2.64937e-13 -9.708e-14 1.04253e-14 6.76038e-14 1.19345e-13 1.3195e-13 1.4501e-13 1.35176e-13 1.38292e-13 1.31348e-13 1.25548e-13 1.05406e-13 1.03379e-13 9.25982e-14 8.81856e-14 6.34598e-14 5.59007e-14 5.99396e-14 5.04631e-14 3.72273e-14 1.66685e-14 3.09549e-14 2.8759e-14 6.39807e-16 4.87973e-15 -5.92079e-15 -4.30678e-15 -2.6647e-14 -3.46925e-14 -2.44782e-14 -4.6186e-14 -7.53204e-14 -9.24767e-14 -1.28134e-12 -1.09696e-12 -7.55692e-13 -4.64974e-13 -2.51355e-13 -8.93102e-14 1.62032e-14 6.67963e-14 1.25155e-13 1.28033e-13 1.35176e-13 1.45141e-13 1.40658e-13 1.31497e-13 1.03738e-13 1.07335e-13 9.85363e-14 8.58499e-14 8.24883e-14 6.25033e-14 4.80708e-14 5.61135e-14 4.53478e-14 4.32886e-14 1.64956e-14 3.48558e-14 4.10934e-14 -3.57173e-15 2.66697e-15 4.62278e-15 -3.49711e-15 -1.73872e-14 -2.61429e-14 -3.16579e-14 -3.21651e-14 -7.61371e-14 -9.19596e-14 -1.31632e-12 -1.12789e-12 -7.77986e-13 -4.80012e-13 -2.58217e-13 -9.55396e-14 1.42676e-14 6.70602e-14 1.23263e-13 1.32971e-13 1.38292e-13 1.40658e-13 1.42105e-13 1.33215e-13 1.15122e-13 1.05983e-13 1.03158e-13 8.90296e-14 8.5191e-14 6.42096e-14 5.31611e-14 5.85556e-14 4.89318e-14 4.10786e-14 1.73805e-14 3.35379e-14 3.52279e-14 -1.33427e-15 3.91397e-15 4.74898e-16 -3.89197e-15 -2.22282e-14 -3.01452e-14 -2.75821e-14 -3.90191e-14 -7.62843e-14 -9.41906e-14 -1.25653e-12 -1.07562e-12 -7.41899e-13 -4.59011e-13 -2.4542e-13 -9.05374e-14 1.31073e-14 6.47276e-14 1.16241e-13 1.27836e-13 1.31348e-13 1.31497e-13 1.33215e-13 1.28834e-13 1.11134e-13 1.00846e-13 9.83087e-14 8.63037e-14 7.99081e-14 6.13366e-14 5.2342e-14 5.47352e-14 4.78816e-14 3.73355e-14 1.63123e-14 3.12925e-14 3.09679e-14 -1.04355e-15 4.48972e-15 3.38813e-22 -3.74642e-15 -2.23521e-14 -2.94356e-14 -2.61874e-14 -3.92236e-14 -7.08238e-14 -8.74397e-14 -1.25169e-12 -1.05674e-12 -7.25484e-13 -4.5244e-13 -2.43272e-13 -9.46207e-14 2.98793e-15 5.62404e-14 9.01322e-14 1.2907e-13 1.25548e-13 1.03738e-13 1.15122e-13 1.11134e-13 1.47547e-13 8.23902e-14 1.00674e-13 8.63953e-14 8.17699e-14 5.87399e-14 6.3492e-14 5.80414e-14 5.60092e-14 2.32036e-14 1.81536e-14 2.0516e-14 6.4019e-15 8.80181e-15 6.02452e-15 -2.03631e-14 -5.59567e-15 -4.01495e-14 -3.88681e-14 -9.95754e-15 -6.02915e-14 -6.2638e-14 -7.34434e-14 -9.93971e-13 -8.48259e-13 -5.82266e-13 -3.59438e-13 -1.94139e-13 -6.8737e-14 1.17507e-14 5.05976e-14 9.4618e-14 9.87417e-14 1.05406e-13 1.07335e-13 1.05983e-13 1.00846e-13 8.23902e-14 8.38511e-14 7.5118e-14 6.73058e-14 6.39798e-14 4.82333e-14 3.79816e-14 4.37885e-14 3.59786e-14 3.01181e-14 1.19205e-14 2.52655e-14 2.88233e-14 -3.183e-15 2.80112e-15 1.69936e-15 -2.4997e-15 -1.46771e-14 -2.15741e-14 -2.35699e-14 -2.76734e-14 -5.75894e-14 -7.1677e-14 -1.01454e-12 -8.66085e-13 -5.96908e-13 -3.72014e-13 -1.99971e-13 -7.63809e-14 7.45812e-15 4.99489e-14 8.60684e-14 1.04674e-13 1.03379e-13 9.85363e-14 1.03158e-13 9.83087e-14 1.00674e-13 7.5118e-14 8.4824e-14 6.85545e-14 6.46149e-14 4.93743e-14 4.70477e-14 4.54513e-14 4.285e-14 2.62821e-14 1.51511e-14 2.2796e-14 1.69196e-14 3.87707e-15 5.56016e-15 -6.74638e-15 -3.86637e-15 -2.46056e-14 -2.76056e-14 -1.64813e-14 -3.76799e-14 -5.57018e-14 -6.35284e-14 -8.90675e-13 -7.56188e-13 -5.18838e-13 -3.21312e-13 -1.727e-13 -6.40926e-14 6.17002e-15 4.44495e-14 7.622e-14 8.98669e-14 9.25982e-14 8.58499e-14 8.90296e-14 8.63037e-14 8.63953e-14 6.73058e-14 6.85545e-14 6.24854e-14 5.6678e-14 4.28005e-14 3.92104e-14 3.94216e-14 3.46505e-14 2.26411e-14 1.15344e-14 1.90247e-14 1.58637e-14 1.39812e-15 3.28102e-15 -5.308e-15 -3.34623e-15 -1.99645e-14 -2.33558e-14 -1.38039e-14 -3.38878e-14 -4.81184e-14 -6.01365e-14 -8.35602e-13 -7.12477e-13 -4.91327e-13 -3.02943e-13 -1.66356e-13 -6.22625e-14 5.63006e-15 3.94751e-14 7.19763e-14 8.25706e-14 8.81856e-14 8.24883e-14 8.5191e-14 7.99081e-14 8.17699e-14 6.39798e-14 6.46149e-14 5.6678e-14 5.84047e-14 3.98786e-14 3.49658e-14 3.83979e-14 3.18124e-14 2.21448e-14 1.11293e-14 1.89964e-14 1.53528e-14 1.50772e-15 2.35882e-15 -6.43962e-15 -2.25535e-15 -1.79413e-14 -2.27094e-14 -1.42658e-14 -2.91296e-14 -4.75259e-14 -5.64286e-14 -6.27982e-13 -5.32774e-13 -3.65817e-13 -2.26587e-13 -1.20719e-13 -4.50334e-14 5.84395e-15 3.06614e-14 5.53194e-14 6.52151e-14 6.34598e-14 6.25033e-14 6.42096e-14 6.13366e-14 5.87399e-14 4.82333e-14 4.93743e-14 4.28005e-14 3.98786e-14 3.19213e-14 2.65273e-14 2.8085e-14 2.41605e-14 1.69799e-14 8.89869e-15 1.52862e-14 1.28789e-14 0 1.92377e-15 -2.33419e-15 -2.45251e-15 -1.30065e-14 -1.45923e-14 -1.04544e-14 -2.21732e-14 -3.61237e-14 -4.18999e-14 -5.63688e-13 -4.78296e-13 -3.30166e-13 -2.06739e-13 -1.09514e-13 -4.41149e-14 2.45135e-15 2.72905e-14 4.12289e-14 5.95804e-14 5.59007e-14 4.80708e-14 5.31611e-14 5.2342e-14 6.3492e-14 3.79816e-14 4.70477e-14 3.92104e-14 3.49658e-14 2.65273e-14 3.18868e-14 2.62721e-14 2.56963e-14 1.1218e-14 9.40645e-15 9.32568e-15 3.67656e-15 4.21235e-15 4.94263e-15 -8.13893e-15 -2.70047e-15 -1.86179e-14 -1.68092e-14 -4.82734e-15 -2.56834e-14 -2.75819e-14 -3.05053e-14 -5.87429e-13 -4.97147e-13 -3.41173e-13 -2.10514e-13 -1.14204e-13 -4.34468e-14 4.1341e-15 2.78359e-14 4.81482e-14 5.9381e-14 5.99396e-14 5.61135e-14 5.85556e-14 5.47352e-14 5.80414e-14 4.37885e-14 4.54513e-14 3.94216e-14 3.83979e-14 2.8085e-14 2.62721e-14 2.83071e-14 2.24326e-14 1.49056e-14 7.93178e-15 1.2275e-14 1.03339e-14 1.01485e-15 2.77851e-15 -4.33451e-15 -2.1253e-15 -1.28814e-14 -1.47298e-14 -8.34985e-15 -2.1746e-14 -3.23161e-14 -4.02497e-14 -5.11766e-13 -4.34582e-13 -2.9785e-13 -1.88196e-13 -1.00038e-13 -3.78004e-14 2.66394e-15 2.4809e-14 3.9973e-14 5.29935e-14 5.04631e-14 4.53478e-14 4.89318e-14 4.78816e-14 5.60092e-14 3.59786e-14 4.285e-14 3.46505e-14 3.18124e-14 2.41605e-14 2.56963e-14 2.24326e-14 2.55312e-14 1.05549e-14 7.30158e-15 9.32227e-15 5.54465e-15 3.36317e-15 3.50777e-15 -5.85217e-15 -2.01234e-15 -1.60082e-14 -1.50434e-14 -7.37897e-15 -2.24467e-14 -2.63229e-14 -2.97457e-14 -3.41725e-13 -2.95852e-13 -2.0498e-13 -1.25333e-13 -6.76053e-14 -2.43572e-14 5.56315e-15 1.92529e-14 3.71477e-14 3.34285e-14 3.72273e-14 4.32886e-14 4.10786e-14 3.73355e-14 2.32036e-14 3.01181e-14 2.62821e-14 2.26411e-14 2.21448e-14 1.69799e-14 1.1218e-14 1.49056e-14 1.05549e-14 1.5192e-14 4.37891e-15 1.1118e-14 1.46702e-14 -1.68081e-15 4.93051e-16 3.58944e-15 -7.54276e-16 -2.00009e-15 -5.52357e-15 -9.85326e-15 -5.75668e-15 -2.18955e-14 -2.60546e-14 -1.71464e-13 -1.46441e-13 -1.02459e-13 -6.35511e-14 -3.38617e-14 -1.37661e-14 1.48017e-15 8.15429e-15 1.37055e-14 1.88519e-14 1.66685e-14 1.64956e-14 1.73805e-14 1.63123e-14 1.81536e-14 1.19205e-14 1.51511e-14 1.15344e-14 1.11293e-14 8.89869e-15 9.40645e-15 7.93178e-15 7.30158e-15 4.37891e-15 3.78652e-15 4.02869e-15 2.11426e-15 9.68948e-16 1.13693e-15 -2.06923e-15 -8.69647e-16 -5.18854e-15 -4.3783e-15 -1.79374e-15 -6.6372e-15 -9.34984e-15 -7.71291e-15 -2.88787e-13 -2.48988e-13 -1.73054e-13 -1.06033e-13 -5.67293e-14 -2.07714e-14 4.86767e-15 1.47226e-14 3.10697e-14 2.94178e-14 3.09549e-14 3.48558e-14 3.35379e-14 3.12925e-14 2.0516e-14 2.52655e-14 2.2796e-14 1.90247e-14 1.89964e-14 1.52862e-14 9.32568e-15 1.2275e-14 9.32227e-15 1.1118e-14 4.02869e-15 1.06273e-14 1.07975e-14 -1.68696e-15 8.47033e-23 2.40171e-15 -7.57036e-16 -2.34198e-15 -5.31279e-15 -7.63386e-15 -5.62959e-15 -1.89913e-14 -2.0967e-14 -2.55499e-13 -2.21425e-13 -1.52199e-13 -9.17533e-14 -4.79458e-14 -1.32823e-14 7.93416e-15 1.5784e-14 3.52979e-14 2.44208e-14 2.8759e-14 4.10934e-14 3.52279e-14 3.09679e-14 6.4019e-15 2.88233e-14 1.69196e-14 1.58637e-14 1.53528e-14 1.28789e-14 3.67656e-15 1.03339e-14 5.54465e-15 1.46702e-14 2.11426e-15 1.07975e-14 2.23828e-14 -6.1677e-15 -1.14268e-15 8.78094e-15 -2.91348e-16 4.24908e-15 3.38813e-22 -1.20188e-14 2.73672e-15 -1.66016e-14 -2.31197e-14 -1.57383e-14 -1.41546e-14 -9.64649e-15 -9.00237e-15 -5.3952e-15 -4.22719e-15 -2.65137e-15 -3.47773e-16 -3.28796e-15 2.57284e-15 6.39807e-16 -3.57173e-15 -1.33427e-15 -1.04355e-15 8.80181e-15 -3.183e-15 3.87707e-15 1.39812e-15 1.50772e-15 0 4.21235e-15 1.01485e-15 3.36317e-15 -1.68081e-15 9.68948e-16 -1.68696e-15 -6.1677e-15 5.20691e-15 1.3092e-15 -4.76554e-15 -3.33806e-16 -4.86829e-15 -3.36114e-15 2.29504e-15 -3.52749e-15 -3.58885e-16 -6.2327e-16 -4.96926e-14 -4.18406e-14 -2.87325e-14 -1.90817e-14 -1.03591e-14 -4.96004e-15 -4.44432e-16 3.67258e-15 1.92899e-15 4.9057e-15 4.87973e-15 2.66697e-15 3.91397e-15 4.48972e-15 6.02452e-15 2.80112e-15 5.56016e-15 3.28102e-15 2.35882e-15 1.92377e-15 4.94263e-15 2.77851e-15 3.50777e-15 4.93051e-16 1.13693e-15 8.47033e-23 -1.14268e-15 1.3092e-15 2.56029e-15 -1.86391e-15 -3.91677e-16 -3.1158e-15 -2.15119e-15 0 -3.21925e-15 -2.10552e-15 -3.65662e-16 6.76272e-14 5.30922e-14 3.53906e-14 2.39795e-14 1.39657e-14 7.8237e-15 3.77474e-15 -4.95123e-16 4.21295e-15 -6.41016e-15 -5.92079e-15 4.62278e-15 4.74898e-16 3.38813e-22 -2.03631e-14 1.69936e-15 -6.74638e-15 -5.308e-15 -6.43962e-15 -2.33419e-15 -8.13893e-15 -4.33451e-15 -5.85217e-15 3.58944e-15 -2.06923e-15 2.40171e-15 8.78094e-15 -4.76554e-15 -1.86391e-15 1.13078e-14 9.50478e-16 9.45132e-15 7.39538e-15 -5.8814e-15 1.11602e-14 5.10944e-16 -3.99306e-15 4.69991e-14 3.78676e-14 2.53077e-14 1.58989e-14 7.92374e-15 3.03518e-15 0 -2.49705e-15 -2.951e-15 -5.19563e-15 -4.30678e-15 -3.49711e-15 -3.89197e-15 -3.74642e-15 -5.59567e-15 -2.4997e-15 -3.86637e-15 -3.34623e-15 -2.25535e-15 -2.45251e-15 -2.70047e-15 -2.1253e-15 -2.01234e-15 -7.54276e-16 -8.69647e-16 -7.57036e-16 -2.91348e-16 -3.33806e-16 -3.91677e-16 9.50478e-16 5.99194e-16 1.98608e-15 1.09698e-15 -4.11968e-16 2.8142e-15 2.25474e-15 1.95788e-15 2.8092e-13 2.34511e-13 1.59822e-13 1.02632e-13 5.36951e-14 2.26358e-14 1.35215e-15 -1.24151e-14 -1.52589e-14 -2.98504e-14 -2.6647e-14 -1.73872e-14 -2.22282e-14 -2.23521e-14 -4.01495e-14 -1.46771e-14 -2.46056e-14 -1.99645e-14 -1.79413e-14 -1.30065e-14 -1.86179e-14 -1.28814e-14 -1.60082e-14 -2.00009e-15 -5.18854e-15 -2.34198e-15 4.24908e-15 -4.86829e-15 -3.1158e-15 9.45132e-15 1.98608e-15 1.52726e-14 1.12717e-14 -1.0924e-15 1.81894e-14 1.32388e-14 1.00125e-14 3.24897e-13 2.80212e-13 1.93558e-13 1.20961e-13 6.64877e-14 2.7436e-14 3.11182e-16 -1.45716e-14 -2.43114e-14 -3.22348e-14 -3.46925e-14 -2.61429e-14 -3.01452e-14 -2.94356e-14 -3.88681e-14 -2.15741e-14 -2.76056e-14 -2.33558e-14 -2.27094e-14 -1.45923e-14 -1.68092e-14 -1.47298e-14 -1.50434e-14 -5.52357e-15 -4.3783e-15 -5.31279e-15 3.38813e-22 -3.36114e-15 -2.15119e-15 7.39538e-15 1.09698e-15 1.12717e-14 1.48111e-14 2.26263e-15 1.64223e-14 1.65115e-14 1.92021e-14 2.21428e-13 1.9283e-13 1.32331e-13 8.1356e-14 4.60042e-14 1.30425e-14 -5.14201e-15 -1.33053e-14 -2.67817e-14 -2.06393e-14 -2.44782e-14 -3.16579e-14 -2.75821e-14 -2.61874e-14 -9.95754e-15 -2.35699e-14 -1.64813e-14 -1.38039e-14 -1.42658e-14 -1.04544e-14 -4.82734e-15 -8.34985e-15 -7.37897e-15 -9.85326e-15 -1.79374e-15 -7.63386e-15 -1.20188e-14 2.29504e-15 0 -5.8814e-15 -4.11968e-16 -1.0924e-15 2.26263e-15 1.24627e-14 1.69407e-22 1.55022e-14 2.03841e-14 4.72839e-13 3.92419e-13 2.66265e-13 1.65869e-13 8.94194e-14 3.4747e-14 7.98312e-16 -2.19896e-14 -2.87591e-14 -4.71096e-14 -4.6186e-14 -3.21651e-14 -3.90191e-14 -3.92236e-14 -6.02915e-14 -2.76734e-14 -3.76799e-14 -3.38878e-14 -2.91296e-14 -2.21732e-14 -2.56834e-14 -2.1746e-14 -2.24467e-14 -5.75668e-15 -6.6372e-15 -5.62959e-15 2.73672e-15 -3.52749e-15 -3.21925e-15 1.11602e-14 2.8142e-15 1.81894e-14 1.64223e-14 1.69407e-22 3.05651e-14 2.08012e-14 2.33171e-14 7.17639e-13 6.12264e-13 4.20308e-13 2.59764e-13 1.41511e-13 5.26193e-14 -6.94431e-15 -3.62429e-14 -6.69441e-14 -7.26178e-14 -7.53204e-14 -7.61371e-14 -7.62843e-14 -7.08238e-14 -6.2638e-14 -5.75894e-14 -5.57018e-14 -4.81184e-14 -4.75259e-14 -3.61237e-14 -2.75819e-14 -3.23161e-14 -2.63229e-14 -2.18955e-14 -9.34984e-15 -1.89913e-14 -1.66016e-14 -3.58885e-16 -2.10552e-15 5.10944e-16 2.25474e-15 1.32388e-14 1.65115e-14 1.55022e-14 2.08012e-14 4.77902e-14 5.44288e-14 8.79227e-13 7.52664e-13 5.15747e-13 3.15838e-13 1.74662e-13 6.2693e-14 -7.61688e-15 -4.42928e-14 -8.23743e-14 -8.9735e-14 -9.24767e-14 -9.19596e-14 -9.41906e-14 -8.74397e-14 -7.34434e-14 -7.1677e-14 -6.35284e-14 -6.01365e-14 -5.64286e-14 -4.18999e-14 -3.05053e-14 -4.02497e-14 -2.97457e-14 -2.60546e-14 -7.71291e-15 -2.0967e-14 -2.31197e-14 -6.2327e-16 -3.65662e-16 -3.99306e-15 1.95788e-15 1.00125e-14 1.92021e-14 2.03841e-14 2.33171e-14 5.44288e-14 9.3481e-14 
