2.07546e-05 1.19363e-05 6.11422e-06 4.29717e-06 3.97908e-06 3.13548e-06 2.0286e-06 8.83278e-07 -6.03234e-08 -9.74519e-07 -1.84977e-06 -2.06707e-06 -2.13927e-06 -2.65045e-06 -3.48174e-06 -3.8144e-06 -2.85185e-06 -1.14044e-06 -8.24811e-07 -2.93693e-06 -3.94376e-06 -1.37208e-06 -4.13219e-07 -3.29776e-06 -4.94808e-06 -1.93978e-06 2.89924e-06 5.2688e-06 3.65278e-06 -4.84369e-07 -1.02275e-07 1.65713e-05 4.90612e-05 5.82626e-05 3.09337e-06 -7.56695e-05 -7.57572e-05 1.19363e-05 6.86593e-06 3.5176e-06 2.47213e-06 2.28895e-06 1.80391e-06 1.16724e-06 5.08455e-07 -3.44126e-08 -5.60297e-07 -1.0637e-06 -1.18905e-06 -1.23069e-06 -1.5246e-06 -2.00258e-06 -2.19393e-06 -1.64079e-06 -6.57186e-07 -4.75602e-07 -1.68884e-06 -2.26729e-06 -7.90991e-07 -2.39935e-07 -1.896e-06 -2.84424e-06 -1.11662e-06 1.66444e-06 3.02815e-06 2.10114e-06 -2.73811e-07 -4.71487e-08 9.54383e-06 2.82036e-05 3.34697e-05 1.78874e-06 -4.34564e-05 -4.35637e-05 6.11422e-06 3.5176e-06 1.80249e-06 1.26672e-06 1.17276e-06 9.24378e-07 5.98206e-07 2.60699e-07 -1.74778e-08 -2.86917e-07 -5.44792e-07 -6.0921e-07 -6.306e-07 -7.81103e-07 -1.02589e-06 -1.12392e-06 -8.40816e-07 -3.37329e-07 -2.44283e-07 -8.64964e-07 -1.16095e-06 -4.0618e-07 -1.24123e-07 -9.70878e-07 -1.45614e-06 -5.72518e-07 8.51014e-07 1.55005e-06 1.07648e-06 -1.37718e-07 -1.79253e-08 4.89585e-06 1.44404e-05 1.71241e-05 9.21429e-07 -2.22267e-05 -2.2312e-05 4.29717e-06 2.47213e-06 1.26672e-06 8.90206e-07 8.24189e-07 6.49613e-07 4.20381e-07 1.83184e-07 -1.23072e-08 -2.01663e-07 -3.829e-07 -4.28141e-07 -4.43165e-07 -5.48948e-07 -7.20996e-07 -7.89889e-07 -5.90884e-07 -2.36971e-07 -1.71582e-07 -6.0793e-07 -8.16001e-07 -2.85311e-07 -8.70441e-08 -6.82399e-07 -1.02352e-06 -4.02288e-07 5.98353e-07 1.08957e-06 7.56535e-07 -9.71859e-08 -1.35699e-08 3.43975e-06 1.015e-05 1.20383e-05 6.4677e-07 -1.56265e-05 -1.56816e-05 3.97908e-06 2.28895e-06 1.17276e-06 8.24189e-07 7.63097e-07 6.01422e-07 3.89173e-07 1.69549e-07 -1.14414e-08 -1.86762e-07 -3.54578e-07 -3.96409e-07 -4.10303e-07 -5.08268e-07 -6.67598e-07 -7.31387e-07 -5.47042e-07 -2.1922e-07 -1.58681e-07 -5.62967e-07 -7.55732e-07 -2.63888e-07 -8.02325e-08 -6.31983e-07 -9.47995e-07 -3.72345e-07 5.54538e-07 1.00924e-06 7.00475e-07 -9.07588e-08 -1.44465e-08 3.18297e-06 9.4006e-06 1.11533e-05 5.97334e-07 -1.44798e-05 -1.45217e-05 3.13548e-06 1.80391e-06 9.24378e-07 6.49613e-07 6.01422e-07 4.74053e-07 3.06784e-07 1.33702e-07 -8.95644e-09 -1.47132e-07 -2.79376e-07 -3.12419e-07 -3.23391e-07 -4.0057e-07 -5.26098e-07 -5.76369e-07 -4.312e-07 -1.73018e-07 -1.25301e-07 -4.43564e-07 -5.95335e-07 -2.0834e-07 -6.37057e-08 -4.97869e-07 -7.467e-07 -2.93621e-07 4.36346e-07 7.94846e-07 5.52046e-07 -7.05144e-08 -8.92233e-09 2.51099e-06 7.40501e-06 8.78067e-06 4.72752e-07 -1.13968e-05 -1.14419e-05 2.0286e-06 1.16724e-06 5.98206e-07 4.20381e-07 3.89173e-07 3.06784e-07 1.98553e-07 8.65602e-08 -5.76007e-09 -9.51714e-08 -1.80734e-07 -2.0216e-07 -2.09273e-07 -2.59196e-07 -3.40398e-07 -3.72926e-07 -2.79058e-07 -1.121e-07 -8.12204e-08 -2.86949e-07 -3.85069e-07 -1.35025e-07 -4.14984e-08 -3.22038e-07 -4.82919e-07 -1.90093e-07 2.81944e-07 5.14002e-07 3.57209e-07 -4.50362e-08 -4.33607e-09 1.62622e-06 4.78941e-06 5.67624e-06 3.07061e-07 -7.36584e-06 -7.40202e-06 8.83278e-07 5.08455e-07 2.60699e-07 1.83184e-07 1.69549e-07 1.33702e-07 8.65602e-08 3.77787e-08 -2.45442e-09 -4.14073e-08 -7.86681e-08 -8.80705e-08 -9.11896e-08 -1.12911e-07 -1.48247e-07 -1.62415e-07 -1.21628e-07 -4.90585e-08 -3.56012e-08 -1.24897e-07 -1.67505e-07 -5.91519e-08 -1.85058e-08 -1.40104e-07 -2.09987e-07 -8.29641e-08 1.22197e-07 2.23417e-07 1.55604e-07 -1.87019e-08 3.38984e-10 7.10636e-07 2.08303e-06 2.46423e-06 1.35556e-07 -3.19526e-06 -3.22191e-06 -6.03234e-08 -3.44126e-08 -1.74778e-08 -1.23072e-08 -1.14414e-08 -8.95644e-09 -5.76007e-09 -2.45442e-09 2.43058e-10 2.87234e-09 5.4092e-09 5.94818e-09 6.13016e-09 7.63591e-09 1.00774e-08 1.10377e-08 8.1338e-09 3.0005e-09 2.09799e-09 8.59245e-09 1.16628e-08 3.53264e-09 6.48892e-10 9.73061e-09 1.47381e-08 5.39158e-09 -9.14029e-09 -1.58017e-08 -1.05279e-08 2.55493e-09 3.11209e-09 -4.49296e-08 -1.45548e-07 -1.78534e-07 -6.64414e-09 2.34996e-07 2.21491e-07 -9.74519e-07 -5.60297e-07 -2.86917e-07 -2.01663e-07 -1.86762e-07 -1.47132e-07 -9.51714e-08 -4.14073e-08 2.87234e-09 4.57814e-08 8.6874e-08 9.70229e-08 1.00397e-07 1.2441e-07 1.63458e-07 1.79074e-07 1.33816e-07 5.33635e-08 3.85522e-08 1.37935e-07 1.85295e-07 6.41569e-08 1.90771e-08 1.5493e-07 2.32544e-07 9.0936e-08 -1.36552e-07 -2.4768e-07 -1.71462e-07 2.34184e-08 6.45941e-09 -7.7619e-07 -2.30537e-06 -2.7411e-06 -1.43863e-07 3.56189e-06 3.55789e-06 -1.84977e-06 -1.0637e-06 -5.44792e-07 -3.829e-07 -3.54578e-07 -2.79376e-07 -1.80734e-07 -7.86681e-08 5.4092e-09 8.6874e-08 1.64878e-07 1.842e-07 1.90622e-07 2.3619e-07 3.10292e-07 3.39937e-07 2.54098e-07 1.0149e-07 7.33668e-08 2.61783e-07 3.51587e-07 1.22067e-07 3.65608e-08 2.93986e-07 4.41174e-07 1.72765e-07 -2.58743e-07 -4.69821e-07 -3.25513e-07 4.37242e-08 1.04767e-08 -1.47536e-06 -4.37404e-06 -5.19715e-06 -2.74556e-07 6.7514e-06 6.75252e-06 -2.06707e-06 -1.18905e-06 -6.0921e-07 -4.28141e-07 -3.96409e-07 -3.12419e-07 -2.0216e-07 -8.80705e-08 5.94818e-09 9.70229e-08 1.842e-07 2.05925e-07 2.1314e-07 2.64033e-07 3.46805e-07 3.79942e-07 2.8417e-07 1.1386e-07 8.24121e-08 2.92457e-07 3.92605e-07 1.37056e-07 4.16423e-08 3.28315e-07 4.92494e-07 1.93412e-07 -2.88122e-07 -5.24319e-07 -3.6388e-07 4.72277e-08 7.69942e-09 -1.65329e-06 -4.88369e-06 -5.7946e-06 -3.10156e-07 7.52308e-06 7.54394e-06 -2.13927e-06 -1.23069e-06 -6.306e-07 -4.43165e-07 -4.10303e-07 -3.23391e-07 -2.09273e-07 -9.11896e-08 6.13016e-09 1.00397e-07 1.90622e-07 2.1314e-07 2.20618e-07 2.73281e-07 3.58934e-07 3.93231e-07 2.94154e-07 1.17957e-07 8.54048e-08 3.0265e-07 4.06242e-07 1.42016e-07 4.33072e-08 3.39728e-07 5.0956e-07 2.00261e-07 -2.97914e-07 -5.42446e-07 -3.76624e-07 4.84384e-08 6.89223e-09 -1.71227e-06 -5.05313e-06 -5.9935e-06 -3.21877e-07 7.78011e-06 7.80692e-06 -2.65045e-06 -1.5246e-06 -7.81103e-07 -5.48948e-07 -5.08268e-07 -4.0057e-07 -2.59196e-07 -1.12911e-07 7.63591e-09 1.2441e-07 2.3619e-07 2.64033e-07 2.73281e-07 3.3854e-07 4.44675e-07 4.87163e-07 3.64348e-07 1.45953e-07 1.05631e-07 3.75002e-07 5.03434e-07 1.75675e-07 5.33213e-08 4.20993e-07 6.31534e-07 2.47964e-07 -3.69532e-07 -6.72359e-07 -4.66564e-07 6.07082e-08 1.02453e-08 -2.11946e-06 -6.26236e-06 -7.43119e-06 -3.97374e-07 9.64826e-06 9.67317e-06 -3.48174e-06 -2.00258e-06 -1.02589e-06 -7.20996e-07 -6.67598e-07 -5.26098e-07 -3.40398e-07 -1.48247e-07 1.00774e-08 1.63458e-07 3.10292e-07 3.46805e-07 3.58934e-07 4.44675e-07 5.84115e-07 6.39925e-07 4.78516e-07 1.91513e-07 1.38555e-07 4.92657e-07 6.6147e-07 2.30461e-07 6.96649e-08 5.53134e-07 8.29855e-07 3.25567e-07 -4.85924e-07 -8.83576e-07 -6.12837e-07 8.05415e-08 1.54025e-08 -2.78199e-06 -8.22855e-06 -9.76826e-06 -5.20401e-07 1.26847e-05 1.2708e-05 -3.8144e-06 -2.19393e-06 -1.12392e-06 -7.89889e-07 -7.31387e-07 -5.76369e-07 -3.72926e-07 -1.62415e-07 1.10377e-08 1.79074e-07 3.39937e-07 3.79942e-07 3.93231e-07 4.87163e-07 6.39925e-07 7.01067e-07 5.24242e-07 2.09823e-07 1.51805e-07 5.39725e-07 7.24661e-07 2.52498e-07 7.63424e-08 6.05977e-07 9.09128e-07 3.56682e-07 -5.32323e-07 -9.67976e-07 -6.71393e-07 8.81904e-08 1.67611e-08 -3.04791e-06 -9.01461e-06 -1.07012e-05 -5.70207e-07 1.38961e-05 1.39221e-05 -2.85185e-06 -1.64079e-06 -8.40816e-07 -5.90884e-07 -5.47042e-07 -4.312e-07 -2.79058e-07 -1.21628e-07 8.1338e-09 1.33816e-07 2.54098e-07 2.8417e-07 2.94154e-07 3.64348e-07 4.78516e-07 5.24242e-07 3.92223e-07 1.57426e-07 1.14022e-07 4.0343e-07 5.41445e-07 1.89578e-07 5.80447e-08 4.52807e-07 6.79089e-07 2.67106e-07 -3.96744e-07 -7.22856e-07 -5.02125e-07 6.39232e-08 7.59431e-09 -2.28444e-06 -6.73463e-06 -7.9847e-06 -4.30415e-07 1.03631e-05 1.04066e-05 -1.14044e-06 -6.57186e-07 -3.37329e-07 -2.36971e-07 -2.1922e-07 -1.73018e-07 -1.121e-07 -4.90585e-08 3.0005e-09 5.33635e-08 1.0149e-07 1.1386e-07 1.17957e-07 1.45953e-07 1.91513e-07 2.09823e-07 1.57426e-07 6.41239e-08 4.67118e-08 1.6112e-07 2.15775e-07 7.75058e-08 2.5268e-08 1.80533e-07 2.70236e-07 1.07731e-07 -1.55998e-07 -2.87247e-07 -2.01128e-07 2.12856e-08 -7.4558e-09 -9.25577e-07 -2.68212e-06 -3.1588e-06 -1.80843e-07 4.08806e-06 4.15661e-06 -8.24811e-07 -4.75602e-07 -2.44283e-07 -1.71582e-07 -1.58681e-07 -1.25301e-07 -8.12204e-08 -3.56012e-08 2.09799e-09 3.85522e-08 7.33668e-08 8.24121e-08 8.54048e-08 1.05631e-07 1.38555e-07 1.51805e-07 1.14022e-07 4.67118e-08 3.41028e-08 1.16469e-07 1.55844e-07 5.65397e-08 1.88628e-08 1.30415e-07 1.95066e-07 7.81769e-08 -1.12064e-07 -2.07228e-07 -1.45559e-07 1.41704e-08 -8.39487e-09 -6.72857e-07 -1.93667e-06 -2.27479e-06 -1.33283e-07 2.94062e-06 3.00481e-06 -2.93693e-06 -1.68884e-06 -8.64964e-07 -6.0793e-07 -5.62967e-07 -4.43564e-07 -2.86949e-07 -1.24897e-07 8.59245e-09 1.37935e-07 2.61783e-07 2.92457e-07 3.0265e-07 3.75002e-07 4.92657e-07 5.39725e-07 4.0343e-07 1.6112e-07 1.16469e-07 4.15644e-07 5.58237e-07 1.93781e-07 5.80152e-08 4.66779e-07 7.00486e-07 2.74289e-07 -4.10857e-07 -7.45978e-07 -5.16822e-07 6.94906e-08 1.68027e-08 -2.34228e-06 -6.94496e-06 -8.25223e-06 -4.35775e-07 1.07203e-05 1.07212e-05 -3.94376e-06 -2.26729e-06 -1.16095e-06 -8.16001e-07 -7.55732e-07 -5.95335e-07 -3.85069e-07 -1.67505e-07 1.16628e-08 1.85295e-07 3.51587e-07 3.92605e-07 4.06242e-07 5.03434e-07 6.6147e-07 7.24661e-07 5.41445e-07 2.15775e-07 1.55844e-07 5.58237e-07 7.49978e-07 2.59374e-07 7.68865e-08 6.27066e-07 9.4128e-07 3.67866e-07 -5.53019e-07 -1.00261e-06 -6.93832e-07 9.54289e-08 2.77537e-08 -3.13929e-06 -9.33125e-06 -1.10982e-05 -5.80852e-07 1.44231e-05 1.43991e-05 -1.37208e-06 -7.90991e-07 -4.0618e-07 -2.85311e-07 -2.63888e-07 -2.0834e-07 -1.35025e-07 -5.91519e-08 3.53264e-09 6.41569e-08 1.22067e-07 1.37056e-07 1.42016e-07 1.75675e-07 2.30461e-07 2.52498e-07 1.89578e-07 7.75058e-08 5.65397e-08 1.93781e-07 2.59374e-07 9.37704e-08 3.10296e-08 2.17034e-07 3.2472e-07 1.29897e-07 -1.8687e-07 -3.45041e-07 -2.42082e-07 2.43171e-08 -1.21486e-08 -1.11729e-06 -3.22361e-06 -3.78991e-06 -2.20301e-07 4.90121e-06 4.99963e-06 -4.13219e-07 -2.39935e-07 -1.24123e-07 -8.70441e-08 -8.02325e-08 -6.37057e-08 -4.14984e-08 -1.85058e-08 6.48892e-10 1.90771e-08 3.65608e-08 4.16423e-08 4.33072e-08 5.33213e-08 6.96649e-08 7.63424e-08 5.80447e-08 2.5268e-08 1.88628e-08 5.80152e-08 7.68865e-08 3.10296e-08 1.27292e-08 6.44711e-08 9.56084e-08 4.06288e-08 -5.19042e-08 -1.0092e-07 -7.34509e-08 2.85466e-10 -2.09259e-08 -3.56305e-07 -9.52705e-07 -1.08504e-06 -8.07065e-08 1.38376e-06 1.49761e-06 -3.29776e-06 -1.896e-06 -9.70878e-07 -6.82399e-07 -6.31983e-07 -4.97869e-07 -3.22038e-07 -1.40104e-07 9.73061e-09 1.5493e-07 2.93986e-07 3.28315e-07 3.39728e-07 4.20993e-07 5.53134e-07 6.05977e-07 4.52807e-07 1.80533e-07 1.30415e-07 4.66779e-07 6.27066e-07 2.17034e-07 6.44711e-08 5.24307e-07 7.86981e-07 3.07686e-07 -4.62203e-07 -8.3822e-07 -5.80211e-07 7.94159e-08 2.22765e-08 -2.6261e-06 -7.80178e-06 -9.27731e-06 -4.86432e-07 1.20558e-05 1.20399e-05 -4.94808e-06 -2.84424e-06 -1.45614e-06 -1.02352e-06 -9.47995e-07 -7.467e-07 -4.82919e-07 -2.09987e-07 1.47381e-08 2.32544e-07 4.41174e-07 4.92494e-07 5.0956e-07 6.31534e-07 8.29855e-07 9.09128e-07 6.79089e-07 2.70236e-07 1.95066e-07 7.00486e-07 9.4128e-07 3.2472e-07 9.56084e-08 7.86981e-07 1.18154e-06 4.61165e-07 -6.9496e-07 -1.2587e-06 -8.70386e-07 1.21519e-07 3.92059e-08 -3.93372e-06 -1.17122e-05 -1.39387e-05 -7.25141e-07 1.81195e-05 1.80681e-05 -1.93978e-06 -1.11662e-06 -5.72518e-07 -4.02288e-07 -3.72345e-07 -2.93621e-07 -1.90093e-07 -8.29641e-08 5.39158e-09 9.0936e-08 1.72765e-07 1.93412e-07 2.00261e-07 2.47964e-07 3.25567e-07 3.56682e-07 2.67106e-07 1.07731e-07 7.81769e-08 2.74289e-07 3.67866e-07 1.29897e-07 4.06288e-08 3.07686e-07 4.61165e-07 1.82196e-07 -2.68375e-07 -4.90664e-07 -3.41722e-07 4.11085e-08 -6.59806e-10 -1.56058e-06 -4.5747e-06 -5.41193e-06 -2.97684e-07 7.01746e-06 7.07588e-06 2.89924e-06 1.66444e-06 8.51014e-07 5.98353e-07 5.54538e-07 4.36346e-07 2.81944e-07 1.22197e-07 -9.14029e-09 -1.36552e-07 -2.58743e-07 -2.88122e-07 -2.97914e-07 -3.69532e-07 -4.85924e-07 -5.32323e-07 -3.96744e-07 -1.55998e-07 -1.12064e-07 -4.10857e-07 -5.53019e-07 -1.8687e-07 -5.19042e-08 -4.62203e-07 -6.9496e-07 -2.68375e-07 4.1252e-07 7.41149e-07 5.09325e-07 -7.9754e-08 -4.39583e-08 2.28078e-06 6.88455e-06 8.23567e-06 4.07396e-07 -1.07291e-05 -1.05964e-05 5.2688e-06 3.02815e-06 1.55005e-06 1.08957e-06 1.00924e-06 7.94846e-07 5.14002e-07 2.23417e-07 -1.58017e-08 -2.4768e-07 -4.69821e-07 -5.24319e-07 -5.42446e-07 -6.72359e-07 -8.83576e-07 -9.67976e-07 -7.22856e-07 -2.87247e-07 -2.07228e-07 -7.45978e-07 -1.00261e-06 -3.45041e-07 -1.0092e-07 -8.3822e-07 -1.2587e-06 -4.90664e-07 7.41149e-07 1.34107e-06 9.26658e-07 -1.31252e-07 -4.62959e-08 4.18353e-06 1.24761e-05 1.48569e-05 7.6844e-07 -1.93181e-05 -1.92415e-05 3.65278e-06 2.10114e-06 1.07648e-06 7.56535e-07 7.00475e-07 5.52046e-07 3.57209e-07 1.55604e-07 -1.05279e-08 -1.71462e-07 -3.25513e-07 -3.6388e-07 -3.76624e-07 -4.66564e-07 -6.12837e-07 -6.71393e-07 -5.02125e-07 -2.01128e-07 -1.45559e-07 -5.16822e-07 -6.93832e-07 -2.42082e-07 -7.34509e-08 -5.80211e-07 -8.70386e-07 -3.41722e-07 5.09325e-07 9.26658e-07 6.43e-07 -8.37378e-08 -1.42959e-08 2.92077e-06 8.6308e-06 1.02421e-05 5.47497e-07 -1.32979e-05 -1.33314e-05 -4.84369e-07 -2.73811e-07 -1.37718e-07 -9.71859e-08 -9.07588e-08 -7.05144e-08 -4.50362e-08 -1.87019e-08 2.55493e-09 2.34184e-08 4.37242e-08 4.72277e-08 4.84384e-08 6.07082e-08 8.05415e-08 8.81904e-08 6.39232e-08 2.12856e-08 1.41704e-08 6.94906e-08 9.54289e-08 2.43171e-08 2.85466e-10 7.94159e-08 1.21519e-07 4.11085e-08 -7.9754e-08 -1.31252e-07 -8.37378e-08 3.08152e-08 5.02294e-08 -3.31992e-07 -1.19529e-06 -1.5154e-06 -3.2649e-08 2.02101e-06 1.79106e-06 -1.02275e-07 -4.71487e-08 -1.79253e-08 -1.35699e-08 -1.44465e-08 -8.92233e-09 -4.33607e-09 3.38984e-10 3.11209e-09 6.45941e-09 1.04767e-08 7.69942e-09 6.89223e-09 1.02453e-08 1.54025e-08 1.67611e-08 7.59431e-09 -7.4558e-09 -8.39487e-09 1.68027e-08 2.77537e-08 -1.21486e-08 -2.09259e-08 2.22765e-08 3.92059e-08 -6.59806e-10 -4.39583e-08 -4.62959e-08 -1.42959e-08 5.02294e-08 1.17837e-07 5.27158e-08 -3.65081e-07 -6.69152e-07 8.18843e-08 9.98799e-07 4.29455e-07 1.65713e-05 9.54383e-06 4.89585e-06 3.43975e-06 3.18297e-06 2.51099e-06 1.62622e-06 7.10636e-07 -4.49296e-08 -7.7619e-07 -1.47536e-06 -1.65329e-06 -1.71227e-06 -2.11946e-06 -2.78199e-06 -3.04791e-06 -2.28444e-06 -9.25577e-07 -6.72857e-07 -2.34228e-06 -3.13929e-06 -1.11729e-06 -3.56305e-07 -2.6261e-06 -3.93372e-06 -1.56058e-06 2.28078e-06 4.18353e-06 2.92077e-06 -3.31992e-07 5.27158e-08 1.33858e-05 3.90317e-05 4.608e-05 2.58212e-06 -5.9698e-05 -6.04261e-05 4.90612e-05 2.82036e-05 1.44404e-05 1.015e-05 9.4006e-06 7.40501e-06 4.78941e-06 2.08303e-06 -1.45548e-07 -2.30537e-06 -4.37404e-06 -4.88369e-06 -5.05313e-06 -6.26236e-06 -8.22855e-06 -9.01461e-06 -6.73463e-06 -2.68212e-06 -1.93667e-06 -6.94496e-06 -9.33125e-06 -3.22361e-06 -9.52705e-07 -7.80178e-06 -1.17122e-05 -4.5747e-06 6.88455e-06 1.24761e-05 8.6308e-06 -1.19529e-06 -3.65081e-07 3.90317e-05 0.000116104 0.000138126 7.21081e-06 -0.000179529 -0.000179141 5.82626e-05 3.34697e-05 1.71241e-05 1.20383e-05 1.11533e-05 8.78067e-06 5.67624e-06 2.46423e-06 -1.78534e-07 -2.7411e-06 -5.19715e-06 -5.7946e-06 -5.9935e-06 -7.43119e-06 -9.76826e-06 -1.07012e-05 -7.9847e-06 -3.1588e-06 -2.27479e-06 -8.25223e-06 -1.10982e-05 -3.78991e-06 -1.08504e-06 -9.27731e-06 -1.39387e-05 -5.41193e-06 8.23567e-06 1.48569e-05 1.02421e-05 -1.5154e-06 -6.69152e-07 4.608e-05 0.000138126 0.000164804 8.36501e-06 -0.000214465 -0.000212843 3.09337e-06 1.78874e-06 9.21429e-07 6.4677e-07 5.97334e-07 4.72752e-07 3.07061e-07 1.35556e-07 -6.64414e-09 -1.43863e-07 -2.74556e-07 -3.10156e-07 -3.21877e-07 -3.97374e-07 -5.20401e-07 -5.70207e-07 -4.30415e-07 -1.80843e-07 -1.33283e-07 -4.35775e-07 -5.80852e-07 -2.20301e-07 -8.07065e-08 -4.86432e-07 -7.25141e-07 -2.97684e-07 4.07396e-07 7.6844e-07 5.47497e-07 -3.2649e-08 8.18843e-08 2.58212e-06 7.21081e-06 8.36501e-06 5.42901e-07 -1.07559e-05 -1.12486e-05 -7.56695e-05 -4.34564e-05 -2.22267e-05 -1.56265e-05 -1.44798e-05 -1.13968e-05 -7.36584e-06 -3.19526e-06 2.34996e-07 3.56189e-06 6.7514e-06 7.52308e-06 7.78011e-06 9.64826e-06 1.26847e-05 1.38961e-05 1.03631e-05 4.08806e-06 2.94062e-06 1.07203e-05 1.44231e-05 4.90121e-06 1.38376e-06 1.20558e-05 1.81195e-05 7.01746e-06 -1.07291e-05 -1.93181e-05 -1.32979e-05 2.02101e-06 9.98799e-07 -5.9698e-05 -0.000179529 -0.000214465 -1.07559e-05 0.000279235 0.000276493 -7.57572e-05 -4.35637e-05 -2.2312e-05 -1.56816e-05 -1.45217e-05 -1.14419e-05 -7.40202e-06 -3.22191e-06 2.21491e-07 3.55789e-06 6.75252e-06 7.54394e-06 7.80692e-06 9.67317e-06 1.2708e-05 1.39221e-05 1.04066e-05 4.15661e-06 3.00481e-06 1.07212e-05 1.43991e-05 4.99963e-06 1.49761e-06 1.20399e-05 1.80681e-05 7.07588e-06 -1.05964e-05 -1.92415e-05 -1.33314e-05 1.79106e-06 4.29455e-07 -6.04261e-05 -0.000179141 -0.000212843 -1.12486e-05 0.000276493 0.000276561 
