3.63381 5.24933 6.34819 7.17114 7.80159 8.40307 8.8776 9.26562 9.53019 9.6372 9.66383 9.59308 9.46558 9.26999 9.02861 8.66862 8.33129 8.01032 7.714 7.39773 7.05019 6.64924 6.3266 5.96636 5.55661 5.15775 4.8002 4.48464 4.14025 3.75883 3.34762 2.90743 2.4744 2.01912 1.54538 1.14229 0.867037 5.24933 7.58309 9.17049 10.3593 11.27 12.1389 12.8244 13.3849 13.7671 13.9217 13.9602 13.858 13.6738 13.3913 13.0426 12.5225 12.0352 11.5716 11.1435 10.6866 10.1846 9.60538 9.1393 8.61889 8.02697 7.45079 6.93429 6.47843 5.98093 5.42994 4.83592 4.20002 3.57448 2.91679 2.23244 1.65013 1.25251 6.34819 9.17049 11.0902 12.5278 13.6292 14.68 15.509 16.1869 16.6491 16.836 16.8825 16.7589 16.5362 16.1945 15.7728 15.1439 14.5546 13.9939 13.4762 12.9237 12.3166 11.6161 11.0525 10.4231 9.70729 9.01048 8.38586 7.83458 7.23294 6.56661 5.84824 5.07922 4.32273 3.52737 2.69976 1.99555 1.5147 7.17114 10.3593 12.5278 14.1519 15.3961 16.583 17.5195 18.2852 18.8074 19.0185 19.0711 18.9315 18.6799 18.2939 17.8175 17.1071 16.4414 15.808 15.2232 14.5991 13.9132 13.122 12.4852 11.7743 10.9657 10.1786 9.47297 8.85022 8.17058 7.41787 6.60637 5.73767 4.88311 3.98464 3.04974 2.25425 1.71106 7.80159 11.27 13.6292 15.3961 16.7496 18.0409 19.0597 19.8928 20.4608 20.6906 20.7477 20.5958 20.3221 19.9022 19.3839 18.6111 17.8868 17.1977 16.5615 15.8825 15.1364 14.2756 13.5829 12.8094 11.9297 11.0734 10.3058 9.62829 8.88889 8.07001 7.18717 6.24209 5.31241 4.33495 3.31786 2.45243 1.86148 8.40307 12.1389 14.68 16.583 18.0409 19.4318 20.5292 21.4265 22.0383 22.2857 22.3473 22.1837 21.8889 21.4366 20.8784 20.0459 19.2659 18.5236 17.8384 17.107 16.3034 15.3762 14.6301 13.797 12.8495 11.9271 11.1003 10.3706 9.5742 8.69219 7.74128 6.72334 5.72198 4.66916 3.57366 2.64151 2.005 8.8776 12.8244 15.509 17.5195 19.0597 20.5292 21.6885 22.6364 23.2828 23.5442 23.6093 23.4364 23.125 22.6471 22.0574 21.1779 20.3538 19.5697 18.8457 18.0731 17.224 16.2445 15.4563 14.5761 13.5751 12.6007 11.7272 10.9562 10.1149 9.18304 8.17844 7.10301 6.0451 4.93283 3.77546 2.79067 2.11822 9.26562 13.3849 16.1869 18.2852 19.8928 21.4265 22.6364 23.6258 24.3004 24.5733 24.6412 24.4608 24.1357 23.6369 23.0215 22.1036 21.2434 20.425 19.6694 18.863 17.9768 16.9545 16.1318 15.2132 14.1684 13.1514 12.2397 11.4351 10.557 9.58441 8.5359 7.41347 6.30932 5.14844 3.94048 2.91265 2.2108 9.53019 13.7671 16.6491 18.8074 20.4608 22.0383 23.2828 24.3004 24.9943 25.275 25.3448 25.1593 24.8249 24.3119 23.6788 22.7347 21.85 21.0082 20.2311 19.4016 18.4902 17.4386 16.5924 15.6476 14.573 13.5269 12.5892 11.7616 10.8584 9.85808 8.77963 7.62515 6.48947 5.29544 4.053 2.99581 2.27393 9.6372 13.9217 16.836 19.0185 20.6906 22.2857 23.5442 24.5733 25.275 25.5588 25.6294 25.4418 25.1036 24.5849 23.9447 22.99 22.0954 21.2441 20.4583 19.6195 18.6978 17.6344 16.7788 15.8233 14.7366 13.6788 12.7306 11.8937 10.9803 9.96878 8.87822 7.71077 6.56235 5.35491 4.09851 3.02945 2.29947 9.66383 13.9602 16.8825 19.0711 20.7477 22.3473 23.6093 24.6412 25.3448 25.6294 25.7002 25.5121 25.173 24.6528 24.0109 23.0535 22.1564 21.3028 20.5148 19.6737 18.7494 17.6831 16.8251 15.8671 14.7774 13.7166 12.7658 11.9266 11.0107 9.99632 8.90275 7.73208 6.58048 5.3697 4.10983 3.03782 2.30582 9.59308 13.858 16.7589 18.9315 20.5958 22.1837 23.4364 24.4608 25.1593 25.4418 25.5121 25.3253 24.9887 24.4723 23.8351 22.8848 21.9942 21.1469 20.3646 19.5297 18.6122 17.5537 16.7019 15.7509 14.6692 13.6162 12.6723 11.8392 10.9301 9.92314 8.83757 7.67547 6.5323 5.33039 4.07974 3.01559 2.28894 9.46558 13.6738 16.5362 18.6799 20.3221 21.8889 23.125 24.1357 24.8249 25.1036 25.173 24.9887 24.6566 24.1471 23.5183 22.5806 21.7019 20.8658 20.0939 19.2701 18.3648 17.3204 16.48 15.5416 14.4742 13.4352 12.5039 11.6819 10.7848 9.79125 8.72011 7.57346 6.44548 5.25955 4.02552 2.9755 2.25852 9.26999 13.3913 16.1945 18.2939 19.9022 21.4366 22.6471 23.6369 24.3119 24.5849 24.6528 24.4723 24.1471 23.6481 23.0323 22.114 21.2534 20.4346 19.6787 18.8719 17.9853 16.9625 16.1394 15.2204 14.1751 13.1576 12.2455 11.4405 10.5619 9.58893 8.53992 7.41696 6.31229 5.15086 3.94234 2.91402 2.21185 9.02861 13.0426 15.7728 17.8175 19.3839 20.8784 22.0574 23.0215 23.6788 23.9447 24.0109 23.8351 23.5183 23.0323 22.4326 21.5382 20.7 19.9026 19.1663 18.3805 17.517 16.5208 15.7192 14.8241 13.806 12.815 11.9267 11.1426 10.2869 9.33925 8.31755 7.22384 6.14793 5.01674 3.83968 2.83814 2.15425 8.66862 12.5225 15.1439 17.1071 18.6111 20.0459 21.1779 22.1036 22.7347 22.99 23.0535 22.8848 22.5806 22.114 21.5382 20.6794 19.8747 19.109 18.4021 17.6476 16.8186 15.8621 15.0924 14.233 13.2556 12.304 11.4511 10.6983 9.87676 8.96688 7.98592 6.93581 5.9028 4.81672 3.68659 2.72498 2.06836 8.33129 12.0352 14.5546 16.4414 17.8868 19.2659 20.3538 21.2434 21.85 22.0954 22.1564 21.9942 21.7019 21.2534 20.7 19.8747 19.1013 18.3654 17.686 16.9609 16.1641 15.2448 14.5051 13.6792 12.7397 11.8252 11.0055 10.282 9.49242 8.61794 7.67515 6.66591 5.6731 4.62928 3.54313 2.61894 1.98787 8.01032 11.5716 13.9939 15.808 17.1977 18.5236 19.5697 20.425 21.0082 21.2441 21.3028 21.1469 20.8658 20.4346 19.9026 19.109 18.3654 17.6579 17.0047 16.3075 15.5414 14.6575 13.9463 13.1522 12.2489 11.3697 10.5815 9.88589 9.12672 8.28593 7.37946 6.4091 5.45454 4.45093 3.40663 2.51805 1.91129 7.714 11.1435 13.4762 15.2232 16.5615 17.8384 18.8457 19.6694 20.2311 20.4583 20.5148 20.3646 20.0939 19.6787 19.1663 18.4021 17.686 17.0047 16.3756 15.7042 14.9665 14.1153 13.4304 12.6656 11.7958 10.9491 10.1901 9.52019 8.7891 7.97941 7.10648 6.17201 5.25276 4.28628 3.28061 2.4249 1.84058 7.39773 10.6866 12.9237 14.5991 15.8825 17.107 18.0731 18.863 19.4016 19.6195 19.6737 19.5297 19.2701 18.8719 18.3805 17.6476 16.9609 16.3075 15.7042 15.0604 14.3528 13.5366 12.8797 12.1464 11.3122 10.5002 9.77229 9.12987 8.42875 7.65226 6.81512 5.91896 5.0374 4.11055 3.14611 2.32548 1.76512 7.05019 10.1846 12.3166 13.9132 15.1364 16.3034 17.224 17.9768 18.4902 18.6978 18.7494 18.6122 18.3648 17.9853 17.517 16.8186 16.1641 15.5414 14.9665 14.3528 13.6786 12.9006 12.2747 11.5757 10.7807 10.0069 9.3132 8.70095 8.03277 7.29276 6.49495 5.6409 4.80075 3.91744 2.9983 2.21623 1.6822 6.64924 9.60538 11.6161 13.122 14.2756 15.3762 16.2445 16.9545 17.4386 17.6344 17.6831 17.5537 17.3204 16.9625 16.5208 15.8621 15.2448 14.6575 14.1153 13.5366 12.9006 12.167 11.5766 10.9174 10.1676 9.43779 8.78354 8.20612 7.57594 6.87802 6.12558 5.32009 4.52773 3.69465 2.82779 2.09019 1.58653 6.3266 9.1393 11.0525 12.4852 13.5829 14.6301 15.4563 16.1318 16.5924 16.7788 16.8251 16.7019 16.48 16.1394 15.7192 15.0924 14.5051 13.9463 13.4304 12.8797 12.2747 11.5766 11.0149 10.3877 9.67427 8.97984 8.35734 7.80794 7.20834 6.54428 5.82835 5.06195 4.30803 3.51537 2.69058 1.98877 1.50955 5.96636 8.61889 10.4231 11.7743 12.8094 13.797 14.5761 15.2132 15.6476 15.8233 15.8671 15.7509 15.5416 15.2204 14.8241 14.233 13.6792 13.1522 12.6656 12.1464 11.5757 10.9174 10.3877 9.79617 9.1234 8.46851 7.88146 7.36334 6.79788 6.17163 5.49647 4.77371 4.06272 3.3152 2.53737 1.87552 1.42359 5.55661 8.02697 9.70729 10.9657 11.9297 12.8495 13.5751 14.1684 14.573 14.7366 14.7774 14.6692 14.4742 14.1751 13.806 13.2556 12.7397 12.2489 11.7958 11.3122 10.7807 10.1676 9.67427 9.1234 8.49684 7.88692 7.34019 6.85765 6.33103 5.74779 5.11899 4.44587 3.78371 3.08753 2.36311 1.74672 1.32582 5.15775 7.45079 9.01048 10.1786 11.0734 11.9271 12.6007 13.1514 13.5269 13.6788 13.7166 13.6162 13.4352 13.1576 12.815 12.304 11.8252 11.3697 10.9491 10.5002 10.0069 9.43779 8.97984 8.46851 7.88692 7.32079 6.8133 6.3654 5.87658 5.3352 4.75154 4.12674 3.51211 2.8659 2.19348 1.62134 1.23065 4.8002 6.93429 8.38586 9.47297 10.3058 11.1003 11.7272 12.2397 12.5892 12.7306 12.7658 12.6723 12.5039 12.2455 11.9267 11.4511 11.0055 10.5815 10.1901 9.77229 9.3132 8.78354 8.35734 7.88146 7.34019 6.8133 6.34099 5.92414 5.4692 4.96536 4.42216 3.84067 3.26864 2.66723 2.04143 1.50894 1.14534 4.48464 6.47843 7.83458 8.85022 9.62829 10.3706 10.9562 11.4351 11.7616 11.8937 11.9266 11.8392 11.6819 11.4405 11.1426 10.6983 10.282 9.88589 9.52019 9.12987 8.70095 8.20612 7.80794 7.36334 6.85765 6.3654 5.92414 5.53469 5.10966 4.63894 4.13145 3.58818 3.05377 2.49189 1.90723 1.40975 1.07005 4.14025 5.98093 7.23294 8.17058 8.88889 9.5742 10.1149 10.557 10.8584 10.9803 11.0107 10.9301 10.7848 10.5619 10.2869 9.87676 9.49242 9.12672 8.7891 8.42875 8.03277 7.57594 7.20834 6.79788 6.33103 5.87658 5.4692 5.10966 4.71727 4.2827 3.81418 3.31263 2.81926 2.30053 1.76076 1.30149 0.987876 3.75883 5.42994 6.56661 7.41787 8.07001 8.69219 9.18304 9.58441 9.85808 9.96878 9.99632 9.92314 9.79125 9.58893 9.33925 8.96688 8.61794 8.28593 7.97941 7.65226 7.29276 6.87802 6.54428 6.17163 5.74779 5.3352 4.96536 4.63894 4.2827 3.88816 3.4628 3.00746 2.55954 2.08859 1.59856 1.18159 0.896869 3.34762 4.83592 5.84824 6.60637 7.18717 7.74128 8.17844 8.5359 8.77963 8.87822 8.90275 8.83757 8.72011 8.53992 8.31755 7.98592 7.67515 7.37946 7.10648 6.81512 6.49495 6.12558 5.82835 5.49647 5.11899 4.75154 4.42216 4.13145 3.81418 3.4628 3.08398 2.67845 2.27953 1.86011 1.42368 1.05233 0.798753 2.90743 4.20002 5.07922 5.73767 6.24209 6.72334 7.10301 7.41347 7.62515 7.71077 7.73208 7.67547 7.57346 7.41696 7.22384 6.93581 6.66591 6.4091 6.17201 5.91896 5.6409 5.32009 5.06195 4.77371 4.44587 4.12674 3.84067 3.58818 3.31263 3.00746 2.67845 2.32625 1.97978 1.61551 1.23647 0.91395 0.693721 2.4744 3.57448 4.32273 4.88311 5.31241 5.72198 6.0451 6.30932 6.48947 6.56235 6.58048 6.5323 6.44548 6.31229 6.14793 5.9028 5.6731 5.45454 5.25276 5.0374 4.80075 4.52773 4.30803 4.06272 3.78371 3.51211 3.26864 3.05377 2.81926 2.55954 2.27953 1.97978 1.68492 1.3749 1.05231 0.777828 0.590399 2.01912 2.91679 3.52737 3.98464 4.33495 4.66916 4.93283 5.14844 5.29544 5.35491 5.3697 5.33039 5.25955 5.15086 5.01674 4.81672 4.62928 4.45093 4.28628 4.11055 3.91744 3.69465 3.51537 3.3152 3.08753 2.8659 2.66723 2.49189 2.30053 2.08859 1.86011 1.61551 1.3749 1.12193 0.858692 0.634712 0.481769 1.54538 2.23244 2.69976 3.04974 3.31786 3.57366 3.77546 3.94048 4.053 4.09851 4.10983 4.07974 4.02552 3.94234 3.83968 3.68659 3.54313 3.40663 3.28061 3.14611 2.9983 2.82779 2.69058 2.53737 2.36311 2.19348 2.04143 1.90723 1.76076 1.59856 1.42368 1.23647 1.05231 0.858692 0.657221 0.485792 0.368733 1.14229 1.65013 1.99555 2.25425 2.45243 2.64151 2.79067 2.91265 2.99581 3.02945 3.03782 3.01559 2.9755 2.91402 2.83814 2.72498 2.61894 2.51805 2.4249 2.32548 2.21623 2.09019 1.98877 1.87552 1.74672 1.62134 1.50894 1.40975 1.30149 1.18159 1.05233 0.91395 0.777828 0.634712 0.485792 0.359078 0.272553 0.867037 1.25251 1.5147 1.71106 1.86148 2.005 2.11822 2.2108 2.27393 2.29947 2.30582 2.28894 2.25852 2.21185 2.15425 2.06836 1.98787 1.91129 1.84058 1.76512 1.6822 1.58653 1.50955 1.42359 1.32582 1.23065 1.14534 1.07005 0.987876 0.896869 0.798753 0.693721 0.590399 0.481769 0.368733 0.272553 0.206878 
