9.13887 4.93101 4.09268 3.89298 4.11402 4.49624 5.0026 5.54831 6.08717 6.61013 7.11232 7.58952 8.03757 8.45286 8.8322 9.1725 9.47128 9.72623 9.93567 10.0979 10.2119 10.2769 10.2924 10.2583 10.175 10.0432 9.86372 9.63805 9.36792 9.05538 8.7029 8.31326 7.88963 7.43553 6.95483 6.45178 38.3368 4.93101 2.6606 2.20826 2.10051 2.21978 2.42601 2.69923 2.99367 3.28442 3.56659 3.83756 4.09504 4.33678 4.56086 4.76554 4.94916 5.11037 5.24793 5.36093 5.44846 5.50998 5.54503 5.55339 5.53502 5.49009 5.41894 5.32211 5.20035 5.0546 4.88596 4.69577 4.48554 4.25696 4.01194 3.75258 3.48115 20.6851 4.09268 2.20826 1.83283 1.7434 1.84239 2.01356 2.24032 2.48471 2.72603 2.96022 3.18512 3.39883 3.59948 3.78546 3.95534 4.10774 4.24154 4.35571 4.4495 4.52215 4.57321 4.60231 4.60924 4.594 4.5567 4.49765 4.41728 4.31622 4.19525 4.05529 3.89743 3.72294 3.53322 3.32986 3.11459 2.88931 17.1684 3.89298 2.10051 1.7434 1.65833 1.75249 1.91531 2.13101 2.36347 2.59301 2.81578 3.02971 3.23299 3.42384 3.60075 3.76234 3.9073 4.03458 4.14318 4.2324 4.3015 4.35007 4.37774 4.38434 4.36984 4.33436 4.27819 4.20175 4.10562 3.99055 3.85741 3.70726 3.54128 3.36082 3.16738 2.96262 2.74833 16.3307 4.11402 2.21978 1.84239 1.75249 1.85199 2.02406 2.252 2.49767 2.74024 2.97566 3.20173 3.41655 3.61824 3.8052 3.97596 4.12916 4.26366 4.37842 4.47271 4.54573 4.59706 4.62631 4.63327 4.61795 4.58046 4.5211 4.44032 4.33873 4.21713 4.07643 3.91776 3.74235 3.55165 3.34723 3.13084 2.90438 17.2579 4.49624 2.42601 2.01356 1.91531 2.02406 2.21211 2.46123 2.72972 2.99483 3.25212 3.4992 3.73397 3.95441 4.15873 4.34536 4.51278 4.65978 4.78521 4.88825 4.96806 5.02416 5.05612 5.06374 5.047 5.00602 4.94115 4.85286 4.74183 4.60893 4.45516 4.28174 4.09004 3.88162 3.65821 3.42171 3.17422 18.8613 5.0026 2.69923 2.24032 2.13101 2.252 2.46123 2.73841 3.03713 3.3321 3.61837 3.89327 4.15449 4.39975 4.62708 4.83473 5.02101 5.18456 5.32412 5.43876 5.52756 5.58998 5.62554 5.63401 5.61538 5.56979 5.49761 5.39938 5.27585 5.12798 4.9569 4.76395 4.55066 4.31877 4.07019 3.80706 3.53169 20.9855 5.54831 2.99367 2.48471 2.36347 2.49767 2.72972 3.03713 3.36844 3.69559 4.01308 4.31797 4.60769 4.87969 5.13182 5.36212 5.56873 5.75012 5.9049 6.03205 6.13054 6.19976 6.2392 6.2486 6.22794 6.17738 6.09732 5.98837 5.85137 5.68737 5.49762 5.28363 5.04707 4.78988 4.51419 4.22236 3.91695 23.2747 6.08717 3.28442 2.72603 2.59301 2.74024 2.99483 3.3321 3.69559 4.0545 4.40283 4.73733 5.05518 5.35361 5.63023 5.8829 6.10957 6.30858 6.47839 6.61789 6.72594 6.80189 6.84516 6.85547 6.8328 6.77733 6.6895 6.56997 6.41965 6.23973 6.03156 5.79677 5.53724 5.25508 4.95261 4.63243 4.29736 25.5351 6.61013 3.56659 2.96022 2.81578 2.97566 3.25212 3.61837 4.01308 4.40283 4.78109 5.14433 5.48949 5.81355 6.11393 6.38831 6.63445 6.85056 7.03496 7.18645 7.30378 7.38625 7.43324 7.44443 7.41982 7.35958 7.2642 7.13441 6.97118 6.7758 6.54974 6.29479 6.01296 5.70655 5.3781 5.03042 4.66656 27.7289 7.11232 3.83756 3.18512 3.02971 3.20173 3.4992 3.89327 4.31797 4.73733 5.14433 5.53516 5.90654 6.25523 6.57843 6.87365 7.13849 7.37102 7.56943 7.73243 7.85867 7.94741 7.99797 8.01002 7.98353 7.91871 7.81609 7.67643 7.50081 7.29058 7.04735 6.77302 6.46979 6.1401 5.78669 5.41259 5.02109 29.8356 7.58952 4.09504 3.39883 3.23299 3.41655 3.73397 4.15449 4.60769 5.05518 5.48949 5.90654 6.30284 6.67492 7.01981 7.33484 7.61745 7.86558 8.0773 8.25123 8.38595 8.48064 8.53459 8.54745 8.51919 8.45002 8.34051 8.19148 8.00407 7.77974 7.52019 7.22746 6.90388 6.55207 6.17495 5.77575 5.35798 31.8374 8.03757 4.33678 3.59948 3.42384 3.61824 3.95441 4.39975 4.87969 5.35361 5.81355 6.25523 6.67492 7.06897 7.43422 7.76784 8.06714 8.32992 8.55414 8.73834 8.88101 8.98129 9.03843 9.05204 9.02211 8.94886 8.83289 8.67506 8.47659 8.23901 7.96413 7.65413 7.31144 6.93886 6.53948 6.11672 5.67429 33.7169 8.45286 4.56086 3.78546 3.60075 3.8052 4.15873 4.62708 5.13182 5.63023 6.11393 6.57843 7.01981 7.43422 7.81834 8.1692 8.48396 8.76031 8.99612 9.18984 9.33988 9.44534 9.50543 9.51975 9.48827 9.41124 9.28927 9.12329 8.91456 8.66471 8.37563 8.04961 7.68922 7.29739 6.87737 6.43276 5.96747 35.459 8.8322 4.76554 3.95534 3.76234 3.97596 4.34536 4.83473 5.36212 5.8829 6.38831 6.87365 7.33484 7.76784 8.1692 8.53581 8.8647 9.15345 9.39984 9.60225 9.75902 9.86922 9.932 9.94696 9.91407 9.83359 9.70615 9.53272 9.31462 9.05356 8.7515 8.41085 8.03428 7.62487 7.18601 6.72145 6.23527 37.0503 9.1725 4.94916 4.10774 3.9073 4.12916 4.51278 5.02101 5.56873 6.10957 6.63445 7.13849 7.61745 8.06714 8.48396 8.8647 9.20626 9.50614 9.76202 9.97223 10.135 10.2495 10.3147 10.3302 10.2961 10.2125 10.0801 9.90002 9.67352 9.40239 9.08871 8.73492 8.34385 7.91866 7.46289 6.98043 6.47552 38.4778 9.47128 5.11037 4.24154 4.03458 4.26366 4.65978 5.18456 5.75012 6.30858 6.85056 7.37102 7.86558 8.32992 8.76031 9.15345 9.50614 9.81578 10.08 10.2971 10.4652 10.5833 10.6507 10.6667 10.6314 10.5451 10.4085 10.2225 9.98862 9.70866 9.38475 9.01945 8.61564 8.1766 7.70598 7.2078 6.68645 39.7312 9.72623 5.24793 4.35571 4.14318 4.37842 4.78521 5.32412 5.9049 6.47839 7.03496 7.56943 8.0773 8.55414 8.99612 9.39984 9.76202 10.08 10.3513 10.5742 10.7469 10.8682 10.9374 10.9538 10.9176 10.829 10.6886 10.4977 10.2575 9.96999 9.63737 9.26223 8.84755 8.39669 7.9134 7.40182 6.86643 40.8006 9.93567 5.36093 4.4495 4.2324 4.47271 4.88825 5.43876 6.03205 6.61789 7.18645 7.73243 8.25123 8.73834 9.18984 9.60225 9.97223 10.2971 10.5742 10.8019 10.9783 11.1023 11.1729 11.1897 11.1527 11.0622 10.9188 10.7237 10.4784 10.1847 9.8449 9.46168 9.03807 8.5775 8.08381 7.56121 7.01429 41.6792 10.0979 5.44846 4.52215 4.3015 4.54573 4.96806 5.52756 6.13054 6.72594 7.30378 7.85867 8.38595 8.88101 9.33988 9.75902 10.135 10.4652 10.7469 10.9783 11.1575 11.2835 11.3553 11.3724 11.3348 11.2428 11.0971 10.8988 10.6494 10.351 10.0056 9.61616 9.18563 8.71754 8.21579 7.68466 7.12881 42.3597 10.2119 5.50998 4.57321 4.35007 4.59706 5.02416 5.58998 6.19976 6.80189 7.38625 7.94741 8.48064 8.98129 9.44534 9.86922 10.2495 10.5833 10.8682 11.1023 11.2835 11.4109 11.4835 11.5008 11.4628 11.3697 11.2224 11.0219 10.7697 10.4678 10.1186 9.72474 9.28935 8.81598 8.30856 7.77143 7.20931 42.838 10.2769 5.54503 4.60231 4.37774 4.62631 5.05612 5.62554 6.2392 6.84516 7.43324 7.99797 8.53459 9.03843 9.50543 9.932 10.3147 10.6507 10.9374 11.1729 11.3553 11.4835 11.5566 11.574 11.5357 11.4421 11.2938 11.092 10.8382 10.5344 10.183 9.78661 9.34845 8.87207 8.36142 7.82087 7.25518 43.1106 10.2924 5.55339 4.60924 4.38434 4.63327 5.06374 5.63401 6.2486 6.85547 7.44443 8.01002 8.54745 9.05204 9.51975 9.94696 10.3302 10.6667 10.9538 11.1897 11.3724 11.5008 11.574 11.5914 11.5531 11.4593 11.3108 11.1087 10.8545 10.5503 10.1983 9.80135 9.36253 8.88543 8.37401 7.83265 7.2661 43.1755 10.2583 5.53502 4.594 4.36984 4.61795 5.047 5.61538 6.22794 6.8328 7.41982 7.98353 8.51919 9.02211 9.48827 9.91407 10.2961 10.6314 10.9176 11.1527 11.3348 11.4628 11.5357 11.5531 11.5149 11.4214 11.2734 11.072 10.8186 10.5154 10.1646 9.76894 9.33157 8.85605 8.34632 7.80675 7.24208 43.0327 10.175 5.49009 4.5567 4.33436 4.58046 5.00602 5.56979 6.17738 6.77733 7.35958 7.91871 8.45002 8.94886 9.41124 9.83359 10.2125 10.5451 10.829 11.0622 11.2428 11.3697 11.4421 11.4593 11.4214 11.3287 11.1819 10.9821 10.7308 10.4301 10.0821 9.68963 9.25581 8.78415 8.27856 7.74337 7.18328 42.6834 10.0432 5.41894 4.49765 4.27819 4.5211 4.94115 5.49761 6.09732 6.6895 7.2642 7.81609 8.34051 8.83289 9.28927 9.70615 10.0801 10.4085 10.6886 10.9188 11.0971 11.2224 11.2938 11.3108 11.2734 11.1819 11.037 10.8397 10.5917 10.2949 9.95142 9.56405 9.13586 8.67031 8.17128 7.64302 7.09019 42.1302 9.86372 5.32211 4.41728 4.20175 4.44032 4.85286 5.39938 5.98837 6.56997 7.13441 7.67643 8.19148 8.67506 9.12329 9.53272 9.90002 10.2225 10.4977 10.7237 10.8988 11.0219 11.092 11.1087 11.072 10.9821 10.8397 10.6461 10.4025 10.1109 9.77361 9.39316 8.97262 8.51539 8.02527 7.50645 6.9635 41.3774 9.63805 5.20035 4.31622 4.10562 4.33873 4.74183 5.27585 5.85137 6.41965 6.97118 7.50081 8.00407 8.47659 8.91456 9.31462 9.67352 9.98862 10.2575 10.4784 10.6494 10.7697 10.8382 10.8545 10.8186 10.7308 10.5917 10.4025 10.1645 9.87961 9.55 9.17826 8.76734 8.32057 7.84166 7.33471 6.80418 40.4308 9.36792 5.0546 4.19525 3.99055 4.21713 4.60893 5.12798 5.68737 6.23973 6.7758 7.29058 7.77974 8.23901 8.66471 9.05356 9.40239 9.70866 9.96999 10.1847 10.351 10.4678 10.5344 10.5503 10.5154 10.4301 10.2949 10.1109 9.87961 9.60271 9.28234 8.92102 8.52161 8.08737 7.62188 7.12914 6.61348 39.2976 9.05538 4.88596 4.05529 3.85741 4.07643 4.45516 4.9569 5.49762 6.03156 6.54974 7.04735 7.52019 7.96413 8.37563 8.7515 9.08871 9.38475 9.63737 9.8449 10.0056 10.1186 10.183 10.1983 10.1646 10.0821 9.95142 9.77361 9.55 9.28234 8.97265 8.62339 8.23731 7.81755 7.3676 6.8913 6.39284 37.9865 8.7029 4.69577 3.89743 3.70726 3.91776 4.28174 4.76395 5.28363 5.79677 6.29479 6.77302 7.22746 7.65413 8.04961 8.41085 8.73492 9.01945 9.26223 9.46168 9.61616 9.72474 9.78661 9.80135 9.76894 9.68963 9.56405 9.39316 9.17826 8.92102 8.62339 8.28772 7.91667 7.51325 7.08081 6.62305 6.14399 36.5079 8.31326 4.48554 3.72294 3.54128 3.74235 4.09004 4.55066 5.04707 5.53724 6.01296 6.46979 6.90388 7.31144 7.68922 8.03428 8.34385 8.61564 8.84755 9.03807 9.18563 9.28935 9.34845 9.36253 9.33157 9.25581 9.13586 8.97262 8.76734 8.52161 8.23731 7.91667 7.56223 7.17687 6.76379 6.32652 5.86892 34.8734 7.88963 4.25696 3.53322 3.36082 3.55165 3.88162 4.31877 4.78988 5.25508 5.70655 6.1401 6.55207 6.93886 7.29739 7.62487 7.91866 8.1766 8.39669 8.5775 8.71754 8.81598 8.87207 8.88543 8.85605 8.78415 8.67031 8.51539 8.32057 8.08737 7.81755 7.51325 7.17687 6.81115 6.41912 6.00414 5.56985 33.0963 7.43553 4.01194 3.32986 3.16738 3.34723 3.65821 4.07019 4.51419 4.95261 5.3781 5.78669 6.17495 6.53948 6.87737 7.18601 7.46289 7.70598 7.9134 8.08381 8.21579 8.30856 8.36142 8.37401 8.34632 8.27856 8.17128 8.02527 7.84166 7.62188 7.3676 7.08081 6.76379 6.41912 6.04966 5.65856 5.24927 31.1914 6.95483 3.75258 3.11459 2.96262 3.13084 3.42171 3.80706 4.22236 4.63243 5.03042 5.41259 5.77575 6.11672 6.43276 6.72145 6.98043 7.2078 7.40182 7.56121 7.68466 7.77143 7.82087 7.83265 7.80675 7.74337 7.64302 7.50645 7.33471 7.12914 6.8913 6.62305 6.32652 6.00414 5.65856 5.29274 4.90991 29.1749 6.45178 3.48115 2.88931 2.74833 2.90438 3.17422 3.53169 3.91695 4.29736 4.66656 5.02109 5.35798 5.67429 5.96747 6.23527 6.47552 6.68645 6.86643 7.01429 7.12881 7.20931 7.25518 7.2661 7.24208 7.18328 7.09019 6.9635 6.80418 6.61348 6.39284 6.14399 5.86892 5.56985 5.24927 4.90991 4.55477 27.0646 38.3368 20.6851 17.1684 16.3307 17.2579 18.8613 20.9855 23.2747 25.5351 27.7289 29.8356 31.8374 33.7169 35.459 37.0503 38.4778 39.7312 40.8006 41.6792 42.3597 42.838 43.1106 43.1755 43.0327 42.6834 42.1302 41.3774 40.4308 39.2976 37.9865 36.5079 34.8734 33.0963 31.1914 29.1749 27.0646 160.819 
