1.42461e+06 590942 501694 539805 350004 229199 122526 110156 119102 172454 136576 41501.6 10607.7 4198.49 1931.01 1246.02 984.477 772.24 533.11 302.253 132.139 46.5257 19.3667 13.0292 11.4353 11.701 12.9976 13.2253 12.0931 9.91106 8.82634 8.52591 9.20267 10.7254 13.7313 16.0177 88.8185 590942 245129 208108 223917 145186 95074.4 50825.1 45694 49404.9 71535.6 56653 17215.3 4400.19 1741.58 801.003 516.864 408.372 320.334 221.14 125.378 54.8127 19.2994 8.03353 5.40466 4.74351 4.8537 5.39155 5.486 5.01637 4.11122 3.66127 3.53664 3.81737 4.44901 5.69588 6.64432 36.8429 501694 208108 176679 190100 123259 80715.6 43149.2 38793 41943.4 60731.9 48096.9 14615.3 3735.65 1478.56 680.03 438.804 346.697 271.955 187.742 106.442 46.5346 16.3847 6.82026 4.58842 4.02711 4.12067 4.57728 4.65747 4.25876 3.49031 3.10832 3.00252 3.24085 3.77709 4.83566 5.64086 31.2787 539805 223917 190100 204540 132622 86847.1 46427 41739.9 45129.6 65345.3 51750.6 15725.6 4019.42 1590.87 731.688 472.137 373.034 292.614 202.004 114.528 50.0695 17.6293 7.33835 4.93697 4.33303 4.43369 4.92499 5.01126 4.58227 3.75545 3.34444 3.2306 3.48703 4.06401 5.20299 6.06936 33.6547 350004 145186 123259 132622 85990.8 56310.8 30102.8 27063.7 29261.6 42369.2 33554.5 10196.3 2606.15 1031.51 474.419 306.129 241.871 189.728 130.977 74.2589 32.4646 11.4307 4.75811 3.20108 2.80949 2.87476 3.19331 3.24925 2.9711 2.435 2.1685 2.09469 2.26096 2.63507 3.37357 3.93531 21.8214 229199 95074.4 80715.6 86847.1 56310.8 36874.9 19712.7 17722.6 19161.9 27745.4 21973.1 6677.02 1706.63 675.479 310.672 200.468 158.389 124.243 85.7699 48.6282 21.2593 7.48533 3.11583 2.09622 1.83979 1.88253 2.09113 2.12776 1.94562 1.59455 1.42004 1.3717 1.48058 1.72556 2.20917 2.57703 14.2897 122526 50825.1 43149.2 46427 30102.8 19712.7 10538.1 9474.19 10243.6 14832.2 11746.4 3569.42 912.336 361.099 166.08 107.167 84.6719 66.418 45.8511 25.9958 11.3649 4.00153 1.66567 1.1206 0.983519 1.00637 1.11788 1.13747 1.04009 0.852419 0.759127 0.733287 0.791493 0.922457 1.18098 1.37763 7.63901 110156 45694 38793 41739.9 27063.7 17722.6 9474.19 8517.71 9209.45 13334.8 10560.6 3209.06 820.23 324.644 149.313 96.3474 76.1237 59.7127 41.2222 23.3714 10.2175 3.59755 1.49751 1.00747 0.884227 0.904767 1.00503 1.02263 0.935089 0.766362 0.682488 0.659257 0.711587 0.829329 1.06176 1.23855 6.8678 119102 49404.9 41943.4 45129.6 29261.6 19161.9 10243.6 9209.45 9957.36 14417.7 11418.2 3469.68 886.841 351.009 161.439 104.172 82.3058 64.562 44.5699 25.2694 11.0473 3.88971 1.61913 1.08929 0.956036 0.978244 1.08664 1.10568 1.01103 0.828599 0.737913 0.712797 0.769376 0.89668 1.14798 1.33914 7.42554 172454 71535.6 60731.9 65345.3 42369.2 27745.4 14832.2 13334.8 14417.7 20876.1 16532.9 5023.91 1284.1 508.242 233.755 150.835 119.174 93.4824 64.5348 36.5887 15.9959 5.6321 2.34441 1.57723 1.38429 1.41645 1.5734 1.60097 1.46392 1.19977 1.06846 1.03209 1.11402 1.29835 1.66222 1.939 10.7518 136576 56653 48096.9 51750.6 33554.5 21973.1 11746.4 10560.6 11418.2 16532.9 13093.4 3978.71 1016.95 402.505 185.124 119.455 94.3808 74.0339 51.1087 28.9766 12.668 4.46037 1.85667 1.2491 1.0963 1.12176 1.24607 1.26789 1.15936 0.950163 0.846172 0.81737 0.882251 1.02823 1.3164 1.5356 8.51494 41501.6 17215.3 14615.3 15725.6 10196.3 6677.02 3569.42 3209.06 3469.68 5023.91 3978.71 1209.02 309.023 122.31 56.254 36.2991 28.6797 22.4969 15.5305 8.8052 3.84947 1.35538 0.564191 0.379566 0.333134 0.340873 0.378645 0.385278 0.352297 0.288728 0.257129 0.248376 0.268092 0.312451 0.400019 0.466627 2.58746 10607.7 4400.19 3735.65 4019.42 2606.15 1706.63 912.336 820.23 886.841 1284.1 1016.95 309.023 78.9856 31.2622 14.3784 9.27796 7.33048 5.75015 3.96957 2.25059 0.983915 0.346433 0.144206 0.0970163 0.0851483 0.0871263 0.0967808 0.0984763 0.0900462 0.0737983 0.0657215 0.0634845 0.0685237 0.0798618 0.102244 0.119269 0.661348 4198.49 1741.58 1478.56 1590.87 1031.51 675.479 361.099 324.644 351.009 508.242 402.505 122.31 31.2622 12.3735 5.69092 3.67219 2.90138 2.27589 1.57114 0.890776 0.38943 0.137117 0.0570762 0.0383987 0.0337014 0.0344843 0.0383055 0.0389766 0.03564 0.0292091 0.0260123 0.0251269 0.0271214 0.0316091 0.0404678 0.0472062 0.261759 1931.01 801.003 680.03 731.688 474.419 310.672 166.08 149.313 161.439 233.755 185.124 56.254 14.3784 5.69092 2.61741 1.68894 1.33443 1.04675 0.722613 0.409693 0.17911 0.063064 0.0262509 0.0176607 0.0155002 0.0158603 0.0176178 0.0179264 0.0163918 0.0134341 0.0119638 0.0115566 0.0124739 0.0145379 0.0186123 0.0217115 0.120391 1246.02 516.864 438.804 472.137 306.129 200.468 107.167 96.3474 104.172 150.835 119.455 36.2991 9.27796 3.67219 1.68894 1.08983 0.861067 0.675435 0.466281 0.264363 0.115575 0.0406934 0.016939 0.0113959 0.0100019 0.0102342 0.0113683 0.0115674 0.0105772 0.00866865 0.00771991 0.00745714 0.00804906 0.00938089 0.01201 0.0140098 0.0776846 984.477 408.372 346.697 373.034 241.871 158.389 84.6719 76.1237 82.3058 119.174 94.3808 28.6797 7.33048 2.90138 1.33443 0.861067 0.680325 0.533658 0.368407 0.208872 0.091315 0.0321517 0.0133834 0.00900387 0.00790242 0.008086 0.00898201 0.00913936 0.00835699 0.00684906 0.00609947 0.00589185 0.00635953 0.0074118 0.00948903 0.0110691 0.0613783 772.24 320.334 271.955 292.614 189.728 124.243 66.418 59.7127 64.562 93.4824 74.0339 22.4969 5.75015 2.27589 1.04675 0.675435 0.533658 0.418611 0.288984 0.163843 0.071629 0.0252203 0.0104982 0.00706278 0.00619879 0.00634279 0.00704564 0.00716907 0.00655536 0.00537251 0.00478452 0.00462167 0.00498852 0.00581394 0.00744335 0.00868277 0.0481461 533.11 221.14 187.742 202.004 130.977 85.7699 45.8511 41.2222 44.5699 64.5348 51.1087 15.5305 3.96957 1.57114 0.722613 0.466281 0.368407 0.288984 0.199498 0.113108 0.0494485 0.0174106 0.00724733 0.00487574 0.00427929 0.0043787 0.0048639 0.00494911 0.00452544 0.00370887 0.00330296 0.00319053 0.00344378 0.00401361 0.00513846 0.00599408 0.0332373 302.253 125.378 106.442 114.528 74.2589 48.6282 25.9958 23.3714 25.2694 36.5887 28.9766 8.8052 2.25059 0.890776 0.409693 0.264363 0.208872 0.163843 0.113108 0.0641276 0.0280354 0.00987115 0.00410895 0.00276435 0.00242619 0.00248255 0.00275764 0.00280595 0.00256575 0.00210279 0.00187265 0.00180891 0.00195249 0.00227556 0.0029133 0.00339841 0.0188442 132.139 54.8127 46.5346 50.0695 32.4646 21.2593 11.3649 10.2175 11.0473 15.9959 12.668 3.84947 0.983915 0.38943 0.17911 0.115575 0.091315 0.071629 0.0494485 0.0280354 0.0122565 0.00431548 0.00179636 0.00120852 0.00106068 0.00108532 0.00120559 0.00122671 0.0011217 0.000919298 0.000818686 0.000790819 0.000853592 0.000994831 0.00127364 0.00148572 0.00823834 46.5257 19.2994 16.3847 17.6293 11.4307 7.48533 4.00153 3.59755 3.88971 5.6321 4.46037 1.35538 0.346433 0.137117 0.063064 0.0406934 0.0321517 0.0252203 0.0174106 0.00987115 0.00431548 0.00151947 0.000632491 0.000425516 0.000373463 0.000382138 0.000424483 0.00043192 0.000394945 0.000323682 0.000288256 0.000278445 0.000300547 0.000350276 0.000448445 0.000523117 0.00290069 19.3667 8.03353 6.82026 7.33835 4.75811 3.11583 1.66567 1.49751 1.61913 2.34441 1.85667 0.564191 0.144206 0.0570762 0.0262509 0.016939 0.0133834 0.0104982 0.00724733 0.00410895 0.00179636 0.000632491 0.00026328 0.000177125 0.000155457 0.000159068 0.000176695 0.00017979 0.000164399 0.000134735 0.000119989 0.000115905 0.000125105 0.000145806 0.000186669 0.000217752 0.00120744 13.0292 5.40466 4.58842 4.93697 3.20108 2.09622 1.1206 1.00747 1.08929 1.57723 1.2491 0.379566 0.0970163 0.0383987 0.0176607 0.0113959 0.00900387 0.00706278 0.00487574 0.00276435 0.00120852 0.000425516 0.000177125 0.000119163 0.000104586 0.000107015 0.000118874 0.000120956 0.000110602 9.06449e-05 8.07243e-05 7.79766e-05 8.41661e-05 9.80926e-05 0.000125584 0.000146495 0.00081232 11.4353 4.74351 4.02711 4.33303 2.80949 1.83979 0.983519 0.884227 0.956036 1.38429 1.0963 0.333134 0.0851483 0.0337014 0.0155002 0.0100019 0.00790242 0.00619879 0.00427929 0.00242619 0.00106068 0.000373463 0.000155457 0.000104586 9.17918e-05 9.39242e-05 0.000104332 0.00010616 9.70719e-05 7.95563e-05 7.08493e-05 6.84377e-05 7.38701e-05 8.60929e-05 0.000110221 0.000128575 0.000712949 11.701 4.8537 4.12067 4.43369 2.87476 1.88253 1.00637 0.904767 0.978244 1.41645 1.12176 0.340873 0.0871263 0.0344843 0.0158603 0.0102342 0.008086 0.00634279 0.0043787 0.00248255 0.00108532 0.000382138 0.000159068 0.000107015 9.39242e-05 9.6106e-05 0.000106756 0.000108626 9.93269e-05 8.14044e-05 7.24951e-05 7.00275e-05 7.55861e-05 8.80929e-05 0.000112782 0.000131561 0.000729511 12.9976 5.39155 4.57728 4.92499 3.19331 2.09113 1.11788 1.00503 1.08664 1.5734 1.24607 0.378645 0.0967808 0.0383055 0.0176178 0.0113683 0.00898201 0.00704564 0.0048639 0.00275764 0.00120559 0.000424483 0.000176695 0.000118874 0.000104332 0.000106756 0.000118585 0.000120663 0.000110333 9.04249e-05 8.05284e-05 7.77873e-05 8.39619e-05 9.78545e-05 0.000125279 0.00014614 0.000810348 13.2253 5.486 4.65747 5.01126 3.24925 2.12776 1.13747 1.02263 1.10568 1.60097 1.26789 0.385278 0.0984763 0.0389766 0.0179264 0.0115674 0.00913936 0.00716907 0.00494911 0.00280595 0.00122671 0.00043192 0.00017979 0.000120956 0.00010616 0.000108626 0.000120663 0.000122777 0.000112266 9.2009e-05 8.19391e-05 7.915e-05 8.54327e-05 9.95688e-05 0.000127474 0.0001487 0.000824544 12.0931 5.01637 4.25876 4.58227 2.9711 1.94562 1.04009 0.935089 1.01103 1.46392 1.15936 0.352297 0.0900462 0.03564 0.0163918 0.0105772 0.00835699 0.00655536 0.00452544 0.00256575 0.0011217 0.000394945 0.000164399 0.000110602 9.70719e-05 9.93269e-05 0.000110333 0.000112266 0.000102656 8.41326e-05 7.49247e-05 7.23744e-05 7.81193e-05 9.10452e-05 0.000116561 0.00013597 0.000753959 9.91106 4.11122 3.49031 3.75545 2.435 1.59455 0.852419 0.766362 0.828599 1.19977 0.950163 0.288728 0.0737983 0.0292091 0.0134341 0.00866865 0.00684906 0.00537251 0.00370887 0.00210279 0.000919298 0.000323682 0.000134735 9.06449e-05 7.95563e-05 8.14044e-05 9.04249e-05 9.2009e-05 8.41326e-05 6.89517e-05 6.14053e-05 5.93152e-05 6.40235e-05 7.4617e-05 9.55292e-05 0.000111436 0.000617915 8.82634 3.66127 3.10832 3.34444 2.1685 1.42004 0.759127 0.682488 0.737913 1.06846 0.846172 0.257129 0.0657215 0.0260123 0.0119638 0.00771991 0.00609947 0.00478452 0.00330296 0.00187265 0.000818686 0.000288256 0.000119989 8.07243e-05 7.08493e-05 7.24951e-05 8.05284e-05 8.19391e-05 7.49247e-05 6.14053e-05 5.46848e-05 5.28235e-05 5.70164e-05 6.64506e-05 8.5074e-05 9.924e-05 0.000550288 8.52591 3.53664 3.00252 3.2306 2.09469 1.3717 0.733287 0.659257 0.712797 1.03209 0.81737 0.248376 0.0634845 0.0251269 0.0115566 0.00745714 0.00589185 0.00462167 0.00319053 0.00180891 0.000790819 0.000278445 0.000115905 7.79766e-05 6.84377e-05 7.00275e-05 7.77873e-05 7.915e-05 7.23744e-05 5.93152e-05 5.28235e-05 5.10255e-05 5.50757e-05 6.41887e-05 8.21783e-05 9.5862e-05 0.000531557 9.20267 3.81737 3.24085 3.48703 2.26096 1.48058 0.791493 0.711587 0.769376 1.11402 0.882251 0.268092 0.0685237 0.0271214 0.0124739 0.00804906 0.00635953 0.00498852 0.00344378 0.00195249 0.000853592 0.000300547 0.000125105 8.41661e-05 7.38701e-05 7.55861e-05 8.39619e-05 8.54327e-05 7.81193e-05 6.40235e-05 5.70164e-05 5.50757e-05 5.94474e-05 6.92839e-05 8.87013e-05 0.000103471 0.00057375 10.7254 4.44901 3.77709 4.06401 2.63507 1.72556 0.922457 0.829329 0.89668 1.29835 1.02823 0.312451 0.0798618 0.0316091 0.0145379 0.00938089 0.0074118 0.00581394 0.00401361 0.00227556 0.000994831 0.000350276 0.000145806 9.80926e-05 8.60929e-05 8.80929e-05 9.78545e-05 9.95688e-05 9.10452e-05 7.4617e-05 6.64506e-05 6.41887e-05 6.92839e-05 8.07478e-05 0.000103378 0.000120592 0.000668685 13.7313 5.69588 4.83566 5.20299 3.37357 2.20917 1.18098 1.06176 1.14798 1.66222 1.3164 0.400019 0.102244 0.0404678 0.0186123 0.01201 0.00948903 0.00744335 0.00513846 0.0029133 0.00127364 0.000448445 0.000186669 0.000125584 0.000110221 0.000112782 0.000125279 0.000127474 0.000116561 9.55292e-05 8.5074e-05 8.21783e-05 8.87013e-05 0.000103378 0.000132351 0.000154389 0.000856091 16.0177 6.64432 5.64086 6.06936 3.93531 2.57703 1.37763 1.23855 1.33914 1.939 1.5356 0.466627 0.119269 0.0472062 0.0217115 0.0140098 0.0110691 0.00868277 0.00599408 0.00339841 0.00148572 0.000523117 0.000217752 0.000146495 0.000128575 0.000131561 0.00014614 0.0001487 0.00013597 0.000111436 9.924e-05 9.5862e-05 0.000103471 0.000120592 0.000154389 0.000180097 0.000998641 88.8185 36.8429 31.2787 33.6547 21.8214 14.2897 7.63901 6.8678 7.42554 10.7518 8.51494 2.58746 0.661348 0.261759 0.120391 0.0776846 0.0613783 0.0481461 0.0332373 0.0188442 0.00823834 0.00290069 0.00120744 0.00081232 0.000712949 0.000729511 0.000810348 0.000824544 0.000753959 0.000617915 0.000550288 0.000531557 0.00057375 0.000668685 0.000856091 0.000998641 0.00553748 
